#Tld ModelExport
113 #width
123 #height
2228.996582 #min_var
9 #Positive Sample Size
39.866669 85.866669 85.866669 85.866669 85.866669 85.866669 85.866669 85.866669 85.866669 85.866669 85.866669 85.866669 85.866669 85.866669 69.866669 
85.866669 85.866669 85.866669 85.866669 85.866669 85.866669 85.866669 85.866669 85.866669 85.866669 85.866669 85.866669 85.866669 85.866669 67.866669 
85.866669 85.866669 85.866669 85.866669 85.866669 85.866669 85.866669 85.866669 85.866669 85.866669 85.866669 85.866669 84.866669 69.866669 43.866669 
84.866669 85.866669 85.866669 85.866669 85.866669 85.866669 85.866669 84.866669 85.866669 85.866669 78.866669 69.866669 56.866669 43.866669 17.866669 
73.866669 83.866669 85.866669 85.866669 85.866669 85.866669 84.866669 84.866669 77.866669 66.866669 55.866669 42.866669 31.866669 13.866669 -7.133331 
30.866669 61.866669 68.866669 69.866669 72.866669 73.866669 69.866669 62.866669 55.866669 43.866669 34.866669 19.866669 7.866669 -17.133331 -37.133331 
-23.133331 26.866669 34.866669 38.866669 38.866669 36.866669 35.866669 30.866669 19.866669 9.866669 0.866669 -15.133331 -30.133331 -42.133331 -49.133331 
-28.133331 -27.133331 -2.133331 7.866669 8.866669 7.866669 7.866669 2.866669 -3.133331 -20.133331 -38.133331 -43.133331 -48.133331 -52.133331 -47.133331 
-37.133331 -32.133331 -40.133331 -32.133331 -32.133331 -28.133331 -31.133331 -34.133331 -40.133331 -44.133331 -51.133331 -53.133331 -56.133331 -56.133331 -43.133331 
-39.133331 -37.133331 -41.133331 -48.133331 -44.133331 -43.133331 -44.133331 -48.133331 -52.133331 -57.133331 -59.133331 -59.133331 -60.133331 -45.133331 -45.133331 
-35.133331 -41.133331 -39.133331 -58.133331 -52.133331 -54.133331 -55.133331 -60.133331 -61.133331 -65.133331 -65.133331 -65.133331 -61.133331 -46.133331 -47.133331 
-36.133331 -37.133331 -39.133331 -42.133331 -103.133331 -106.133331 -105.133331 -106.133331 -109.133331 -111.133331 -111.133331 -104.133331 -45.133331 -44.133331 -43.133331 
-34.133331 -33.133331 -37.133331 -39.133331 -67.133331 -107.133331 -113.133331 -113.133331 -116.133331 -113.133331 -108.133331 -44.133331 -42.133331 -43.133331 -40.133331 
-40.133331 -39.133331 -44.133331 -37.133331 -42.133331 -109.133331 -114.133331 -117.133331 -114.133331 -115.133331 -65.133331 -48.133331 -45.133331 -45.133331 -46.133331 
-37.133331 -34.133331 -30.133331 -33.133331 -40.133331 -44.133331 -111.133331 -117.133331 -108.133331 -108.133331 -46.133331 -44.133331 -47.133331 -54.133331 -50.133331 
10.795563 78.795563 87.795563 87.795563 87.795563 87.795563 80.795563 63.795563 46.795563 35.795563 29.795563 22.795563 15.795563 4.795563 -9.204437 
52.795563 85.795563 85.795563 87.795563 87.795563 87.795563 87.795563 70.795563 46.795563 31.795563 24.795563 15.795563 13.795563 1.795563 -11.204437 
77.795563 68.795563 65.795563 75.795563 84.795563 87.795563 87.795563 87.795563 70.795563 47.795563 22.795563 15.795563 3.795563 -4.204437 -11.204437 
64.795563 61.795563 50.795563 53.795563 58.795563 70.795563 67.795563 75.795563 81.795563 77.795563 41.795563 12.795563 2.795563 -11.204437 -20.204437 
69.795563 84.795563 57.795563 41.795563 42.795563 41.795563 23.795563 25.795563 38.795563 48.795563 52.795563 23.795563 -5.204437 -17.204437 -26.204437 
47.795563 77.795563 66.795563 39.795563 29.795563 22.795563 10.795563 8.795563 8.795563 9.795563 11.795563 14.795563 -6.204437 -25.204437 -33.204437 
2.795563 37.795563 48.795563 40.795563 21.795563 3.795563 0.795563 -4.204437 -9.204437 -10.204437 -13.204437 -13.204437 -22.204437 -34.204437 -36.204437 
-13.204437 -10.204437 5.795563 17.795563 5.795563 -11.204437 -16.204437 -18.204437 -23.204437 -27.204437 -32.204437 -33.204437 -37.204437 -39.204437 -31.204437 
-18.204437 -20.204437 -26.204437 -20.204437 -17.204437 -26.204437 -32.204437 -31.204437 -33.204437 -36.204437 -40.204437 -39.204437 -40.204437 -34.204437 -27.204437 
-17.204437 -19.204437 -29.204437 -34.204437 -35.204437 -36.204437 -38.204437 -39.204437 -41.204437 -41.204437 -41.204437 -41.204437 -37.204437 -28.204437 -21.204437 
-23.204437 -23.204437 -21.204437 -33.204437 -39.204437 -40.204437 -43.204437 -41.204437 -43.204437 -42.204437 -44.204437 -41.204437 -25.204437 -21.204437 -20.204437 
-23.204437 -22.204437 -22.204437 -28.204437 -49.204437 -54.204437 -52.204437 -51.204437 -51.204437 -51.204437 -52.204437 -38.204437 -22.204437 -19.204437 -17.204437 
-22.204437 -21.204437 -22.204437 -23.204437 -36.204437 -57.204437 -59.204437 -57.204437 -56.204437 -56.204437 -41.204437 -26.204437 -24.204437 -25.204437 -21.204437 
-22.204437 -24.204437 -20.204437 -22.204437 -24.204437 -49.204437 -59.204437 -60.204437 -61.204437 -45.204437 -27.204437 -27.204437 -23.204437 -21.204437 -21.204437 
-15.204437 -19.204437 -23.204437 -28.204437 -23.204437 -36.204437 -56.204437 -59.204437 -51.204437 -30.204437 -27.204437 -25.204437 -23.204437 -21.204437 -19.204437 
-5.631104 19.368896 44.368896 48.368896 51.368896 55.368896 51.368896 58.368896 51.368896 48.368896 47.368896 46.368896 58.368896 88.368896 86.368896 
-6.631104 33.368896 46.368896 50.368896 49.368896 48.368896 52.368896 65.368896 43.368896 40.368896 38.368896 36.368896 39.368896 59.368896 73.368896 
-0.631104 35.368896 46.368896 46.368896 46.368896 44.368896 42.368896 40.368896 35.368896 32.368896 31.368896 28.368896 26.368896 31.368896 46.368896 
2.368896 32.368896 37.368896 41.368896 39.368896 37.368896 33.368896 31.368896 28.368896 26.368896 25.368896 18.368896 15.368896 12.368896 18.368896 
-0.631104 22.368896 32.368896 28.368896 27.368896 27.368896 24.368896 20.368896 20.368896 19.368896 14.368896 14.368896 6.368896 -1.631104 -4.631104 
-8.631104 17.368896 24.368896 26.368896 27.368896 20.368896 15.368896 10.368896 11.368896 16.368896 15.368896 12.368896 6.368896 -7.631104 -16.631104 
-11.631104 -0.631104 12.368896 24.368896 29.368896 19.368896 9.368896 0.368896 6.368896 14.368896 14.368896 4.368896 -5.631104 -16.631104 -27.631104 
-11.631104 -13.631104 -10.631104 8.368896 25.368896 16.368896 -1.631104 -10.631104 -5.631104 -1.631104 -8.631104 -16.631104 -26.631104 -29.631104 -28.631104 
-13.631104 -12.631104 -18.631104 -17.631104 -5.631104 -7.631104 -15.631104 -21.631104 -23.631104 -25.631104 -30.631104 -31.631104 -32.631104 -32.631104 -24.631104 
-16.631104 -14.631104 -14.631104 -25.631104 -29.631104 -27.631104 -29.631104 -30.631104 -31.631104 -31.631104 -34.631104 -33.631104 -31.631104 -25.631104 -16.631104 
-15.631104 -17.631104 -20.631104 -20.631104 -30.631104 -33.631104 -34.631104 -32.631104 -36.631104 -35.631104 -35.631104 -31.631104 -30.631104 -19.631104 -14.631104 
-14.631104 -15.631104 -17.631104 -19.631104 -25.631104 -44.631104 -47.631104 -47.631104 -45.631104 -46.631104 -46.631104 -41.631104 -20.631104 -16.631104 -15.631104 
-13.631104 -13.631104 -15.631104 -19.631104 -17.631104 -33.631104 -50.631104 -52.631104 -52.631104 -50.631104 -48.631104 -29.631104 -18.631104 -17.631104 -17.631104 
-11.631104 -12.631104 -12.631104 -15.631104 -14.631104 -13.631104 -41.631104 -52.631104 -52.631104 -50.631104 -28.631104 -18.631104 -18.631104 -18.631104 -17.631104 
-14.631104 -12.631104 -13.631104 -13.631104 -10.631104 -10.631104 -25.631104 -48.631104 -47.631104 -32.631104 -15.631104 -15.631104 -17.631104 -17.631104 -13.631104 
2.493332 43.493332 57.493332 62.493332 67.493332 69.493332 74.493332 85.493332 84.493332 85.493332 85.493332 82.493332 51.493332 23.493332 8.493332 
18.493332 58.493332 62.493332 59.493332 57.493332 56.493332 59.493332 63.493332 69.493332 84.493332 85.493332 85.493332 69.493332 24.493332 9.493332 
46.493332 78.493332 71.493332 62.493332 51.493332 48.493332 46.493332 42.493332 49.493332 75.493332 82.493332 72.493332 71.493332 36.493332 4.493332 
47.493332 55.493332 55.493332 55.493332 52.493332 47.493332 40.493332 35.493332 34.493332 48.493332 69.493332 66.493332 71.493332 54.493332 8.493332 
9.493332 17.493332 22.493332 36.493332 38.493332 41.493332 33.493332 17.493332 21.493332 29.493332 61.493332 66.493332 54.493332 41.493332 9.493332 
-13.506668 -1.506668 3.493332 14.493332 21.493332 25.493332 22.493332 16.493332 14.493332 18.493332 38.493332 44.493332 27.493332 9.493332 -12.506668 
-19.506668 -18.506668 -10.506668 -5.506668 1.493332 4.493332 6.493332 10.493332 6.493332 10.493332 10.493332 12.493332 -0.506668 -20.506668 -32.506668 
-20.506668 -23.506668 -23.506668 -20.506668 -17.506668 -14.506668 -13.506668 -12.506668 -9.506668 -10.506668 -19.506668 -24.506668 -29.506668 -37.506668 -36.506668 
-20.506668 -19.506668 -32.506668 -33.506668 -31.506668 -26.506668 -29.506668 -30.506668 -30.506668 -32.506668 -34.506668 -37.506668 -37.506668 -38.506668 -34.506668 
-25.506668 -23.506668 -26.506668 -35.506668 -38.506668 -38.506668 -36.506668 -42.506668 -39.506668 -41.506668 -39.506668 -41.506668 -39.506668 -34.506668 -22.506668 
-24.506668 -26.506668 -25.506668 -31.506668 -39.506668 -43.506668 -40.506668 -42.506668 -44.506668 -43.506668 -43.506668 -41.506668 -39.506668 -25.506668 -19.506668 
-23.506668 -24.506668 -26.506668 -27.506668 -37.506668 -51.506668 -54.506668 -56.506668 -55.506668 -54.506668 -56.506668 -52.506668 -32.506668 -24.506668 -21.506668 
-24.506668 -25.506668 -25.506668 -26.506668 -28.506668 -46.506668 -59.506668 -61.506668 -57.506668 -54.506668 -57.506668 -42.506668 -27.506668 -24.506668 -22.506668 
-24.506668 -23.506668 -26.506668 -27.506668 -25.506668 -30.506668 -54.506668 -62.506668 -59.506668 -58.506668 -38.506668 -25.506668 -25.506668 -23.506668 -23.506668 
-23.506668 -23.506668 -26.506668 -24.506668 -23.506668 -24.506668 -40.506668 -57.506668 -58.506668 -44.506668 -23.506668 -23.506668 -25.506668 -22.506668 -22.506668 
62.902222 79.902222 79.902222 68.902222 53.902222 50.902222 49.902222 52.902222 67.902222 79.902222 79.902222 79.902222 74.902222 67.902222 63.902222 
60.902222 79.902222 79.902222 61.902222 50.902222 47.902222 50.902222 65.902222 79.902222 79.902222 77.902222 74.902222 64.902222 54.902222 48.902222 
48.902222 74.902222 79.902222 58.902222 50.902222 46.902222 60.902222 79.902222 79.902222 76.902222 65.902222 56.902222 50.902222 44.902222 37.902222 
35.902222 61.902222 79.902222 59.902222 47.902222 46.902222 74.902222 79.902222 59.902222 61.902222 53.902222 44.902222 36.902222 29.902222 13.902222 
-1.097778 47.902222 77.902222 66.902222 45.902222 54.902222 76.902222 72.902222 58.902222 47.902222 37.902222 29.902222 20.902222 3.902222 -13.097778 
-27.097778 2.902222 51.902222 60.902222 53.902222 64.902222 75.902222 58.902222 42.902222 32.902222 22.902222 8.902222 -6.097778 -19.097778 -36.097778 
-32.097778 -35.097778 -5.097778 23.902222 39.902222 57.902222 55.902222 35.902222 16.902222 0.902222 -12.097778 -29.097778 -36.097778 -44.097778 -44.097778 
-31.097778 -30.097778 -38.097778 -35.097778 -19.097778 6.902222 12.902222 -7.097778 -23.097778 -32.097778 -42.097778 -48.097778 -49.097778 -47.097778 -29.097778 
-35.097778 -28.097778 -34.097778 -48.097778 -47.097778 -44.097778 -41.097778 -46.097778 -48.097778 -51.097778 -52.097778 -50.097778 -49.097778 -34.097778 -25.097778 
-31.097778 -33.097778 -34.097778 -44.097778 -62.097778 -42.097778 -51.097778 -53.097778 -53.097778 -47.097778 -54.097778 -54.097778 -47.097778 -31.097778 -23.097778 
-33.097778 -31.097778 -33.097778 -37.097778 -77.097778 -78.097778 -79.097778 -83.097778 -81.097778 -74.097778 -78.097778 -38.097778 -29.097778 -39.097778 -35.097778 
-29.097778 -39.097778 -34.097778 -35.097778 -38.097778 -93.097778 -90.097778 -90.097778 -87.097778 -86.097778 -42.097778 -17.097778 -16.097778 -16.097778 -22.097778 
-30.097778 -30.097778 -32.097778 -32.097778 -34.097778 -59.097778 -92.097778 -94.097778 -91.097778 -46.097778 -25.097778 -16.097778 -17.097778 -16.097778 -16.097778 
-29.097778 -28.097778 -29.097778 -21.097778 -19.097778 -40.097778 -80.097778 -83.097778 -63.097778 -30.097778 -24.097778 -19.097778 -19.097778 -10.097778 -16.097778 
-25.097778 -22.097778 -23.097778 -9.097778 -4.097778 -18.097778 -20.097778 -29.097778 -30.097778 -30.097778 -26.097778 -21.097778 -16.097778 -12.097778 -10.097778 
-11.337784 69.662216 80.662216 68.662216 67.662216 78.662216 84.662216 84.662216 84.662216 84.662216 84.662216 84.662216 84.662216 84.662216 84.662216 
-0.337784 77.662216 66.662216 60.662216 78.662216 84.662216 84.662216 84.662216 84.662216 84.662216 84.662216 84.662216 84.662216 84.662216 84.662216 
2.662216 73.662216 51.662216 70.662216 84.662216 80.662216 73.662216 67.662216 65.662216 69.662216 75.662216 84.662216 84.662216 84.662216 84.662216 
-11.337784 61.662216 47.662216 79.662216 66.662216 55.662216 49.662216 52.662216 52.662216 55.662216 61.662216 67.662216 84.662216 84.662216 84.662216 
-19.337784 29.662216 50.662216 60.662216 40.662216 38.662216 38.662216 36.662216 32.662216 39.662216 46.662216 49.662216 58.662216 81.662216 80.662216 
-23.337784 -10.337784 36.662216 26.662216 25.662216 28.662216 24.662216 25.662216 27.662216 32.662216 30.662216 30.662216 30.662216 40.662216 31.662216 
-13.337784 -20.337784 -15.337784 -7.337784 -4.337784 0.662216 2.662216 8.662216 10.662216 8.662216 9.662216 6.662216 1.662216 -15.337784 -30.337784 
-17.337784 -17.337784 -38.337784 -33.337784 -30.337784 -24.337784 -20.337784 -18.337784 -19.337784 -19.337784 -24.337784 -34.337784 -38.337784 -40.337784 -39.337784 
-25.337784 -20.337784 -30.337784 -41.337784 -43.337784 -42.337784 -44.337784 -42.337784 -41.337784 -42.337784 -45.337784 -46.337784 -45.337784 -42.337784 -29.337784 
-29.337784 -27.337784 -26.337784 -50.337784 -49.337784 -47.337784 -48.337784 -47.337784 -49.337784 -49.337784 -46.337784 -47.337784 -41.337784 -32.337784 -27.337784 
-37.337784 -33.337784 -28.337784 -37.337784 -82.337784 -68.337784 -60.337784 -56.337784 -55.337784 -54.337784 -53.337784 -52.337784 -34.337784 -28.337784 -25.337784 
-30.337784 -26.337784 -34.337784 -37.337784 -75.337784 -88.337784 -91.337784 -93.337784 -90.337784 -88.337784 -67.337784 -37.337784 -34.337784 -27.337784 -23.337784 
-29.337784 -30.337784 -31.337784 -34.337784 -43.337784 -92.337784 -95.337784 -94.337784 -92.337784 -81.337784 -32.337784 -25.337784 -24.337784 -37.337784 -25.337784 
-23.337784 -28.337784 -34.337784 -30.337784 -33.337784 -82.337784 -97.337784 -93.337784 -83.337784 -28.337784 -28.337784 -28.337784 -33.337784 -12.337784 -19.337784 
-27.337784 -30.337784 -28.337784 -27.337784 -27.337784 -80.337784 -85.337784 -90.337784 -36.337784 -30.337784 -27.337784 -27.337784 -20.337784 -15.337784 -15.337784 
18.888885 72.888885 79.888885 85.888885 85.888885 85.888885 85.888885 85.888885 85.888885 85.888885 83.888885 70.888885 62.888885 56.888885 51.888885 
30.888885 49.888885 56.888885 66.888885 84.888885 85.888885 85.888885 85.888885 85.888885 85.888885 82.888885 68.888885 59.888885 50.888885 41.888885 
14.888885 32.888885 40.888885 49.888885 58.888885 72.888885 83.888885 85.888885 85.888885 85.888885 85.888885 62.888885 55.888885 46.888885 39.888885 
-9.111115 19.888885 34.888885 38.888885 43.888885 47.888885 58.888885 84.888885 85.888885 85.888885 85.888885 62.888885 47.888885 37.888885 30.888885 
-16.111115 -4.111115 13.888885 29.888885 30.888885 34.888885 41.888885 64.888885 85.888885 85.888885 85.888885 61.888885 38.888885 29.888885 14.888885 
0.888885 -23.111115 -7.111115 -0.111115 10.888885 20.888885 28.888885 39.888885 78.888885 80.888885 80.888885 54.888885 22.888885 8.888885 -7.111115 
-17.111115 -22.111115 -30.111115 -21.111115 -12.111115 -6.111115 1.888885 13.888885 46.888885 52.888885 47.888885 30.888885 -4.111115 -22.111115 -34.111115 
-24.111115 -18.111115 -35.111115 -37.111115 -34.111115 -27.111115 -23.111115 -16.111115 8.888885 12.888885 -5.111115 -21.111115 -33.111115 -40.111115 -43.111115 
-38.111115 -31.111115 -30.111115 -40.111115 -43.111115 -42.111115 -40.111115 -39.111115 -37.111115 -38.111115 -39.111115 -42.111115 -44.111115 -40.111115 -36.111115 
-27.111115 -27.111115 -26.111115 -49.111115 -47.111115 -45.111115 -47.111115 -46.111115 -47.111115 -45.111115 -45.111115 -42.111115 -38.111115 -38.111115 -27.111115 
-27.111115 -24.111115 -27.111115 -34.111115 -77.111115 -75.111115 -62.111115 -56.111115 -53.111115 -50.111115 -47.111115 -50.111115 -39.111115 -22.111115 -32.111115 
-26.111115 -30.111115 -31.111115 -29.111115 -57.111115 -87.111115 -87.111115 -91.111115 -88.111115 -82.111115 -80.111115 -36.111115 -19.111115 -19.111115 -24.111115 
-29.111115 -32.111115 -26.111115 -24.111115 -29.111115 -90.111115 -92.111115 -90.111115 -87.111115 -90.111115 -36.111115 -21.111115 -21.111115 -16.111115 -12.111115 
-35.111115 -28.111115 -30.111115 -24.111115 -25.111115 -60.111115 -92.111115 -93.111115 -89.111115 -31.111115 -19.111115 -21.111115 -20.111115 -18.111115 -17.111115 
-27.111115 -30.111115 -27.111115 -20.111115 -23.111115 -51.111115 -86.111115 -82.111115 -46.111115 -25.111115 -24.111115 -25.111115 -21.111115 -18.111115 -14.111115 
40.440002 47.440002 53.440002 57.440002 79.440002 81.440002 81.440002 81.440002 81.440002 81.440002 81.440002 81.440002 81.440002 81.440002 68.440002 
31.440002 43.440002 48.440002 58.440002 81.440002 81.440002 81.440002 81.440002 81.440002 81.440002 81.440002 81.440002 81.440002 71.440002 60.440002 
24.440002 36.440002 42.440002 67.440002 81.440002 81.440002 81.440002 74.440002 81.440002 81.440002 81.440002 81.440002 80.440002 63.440002 52.440002 
15.440002 32.440002 39.440002 68.440002 78.440002 81.440002 68.440002 54.440002 54.440002 60.440002 81.440002 81.440002 72.440002 50.440002 41.440002 
-7.559998 21.440002 38.440002 64.440002 69.440002 71.440002 51.440002 39.440002 39.440002 25.440002 77.440002 81.440002 57.440002 38.440002 27.440002 
-21.559998 2.440002 25.440002 52.440002 58.440002 54.440002 35.440002 28.440002 27.440002 29.440002 41.440002 58.440002 37.440002 22.440002 3.440002 
-26.559998 -20.559998 -2.559998 28.440002 34.440002 31.440002 17.440002 17.440002 14.440002 16.440002 16.440002 22.440002 17.440002 -4.559998 -20.559998 
-32.559998 -30.559998 -31.559998 -13.559998 -0.559998 4.440002 -7.559998 -6.559998 -7.559998 -6.559998 -12.559998 -16.559998 -28.559998 -34.559998 -39.559998 
-27.559998 -26.559998 -38.559998 -39.559998 -39.559998 -32.559998 -33.559998 -31.559998 -29.559998 -32.559998 -39.559998 -44.559998 -46.559998 -44.559998 -45.559998 
-16.559998 -17.559998 -30.559998 -44.559998 -47.559998 -43.559998 -44.559998 -46.559998 -48.559998 -50.559998 -49.559998 -48.559998 -49.559998 -49.559998 -43.559998 
-14.559998 -27.559998 -35.559998 -59.559998 -54.559998 -47.559998 -51.559998 -50.559998 -53.559998 -51.559998 -55.559998 -51.559998 -49.559998 -41.559998 -23.559998 
-26.559998 -33.559998 -29.559998 -28.559998 -76.559998 -84.559998 -78.559998 -77.559998 -72.559998 -69.559998 -71.559998 -73.559998 -56.559998 -27.559998 -25.559998 
-38.559998 -29.559998 -32.559998 -30.559998 -48.559998 -88.559998 -87.559998 -92.559998 -91.559998 -88.559998 -84.559998 -50.559998 -32.559998 -23.559998 -22.559998 
-34.559998 -36.559998 -33.559998 -36.559998 -30.559998 -89.559998 -94.559998 -96.559998 -94.559998 -94.559998 -59.559998 -30.559998 -27.559998 -28.559998 -30.559998 
-36.559998 -35.559998 -33.559998 -32.559998 -32.559998 -43.559998 -94.559998 -98.559998 -86.559998 -71.559998 -28.559998 -31.559998 -27.559998 -24.559998 -23.559998 
-17.177780 -11.177780 -2.177780 91.822220 91.822220 91.822220 91.822220 91.822220 91.822220 91.822220 91.822220 91.822220 91.822220 91.822220 -10.177780 
-16.177780 -10.177780 15.822220 91.822220 91.822220 91.822220 91.822220 91.822220 91.822220 91.822220 80.822220 77.822220 81.822220 85.822220 50.822220 
-18.177780 -12.177780 91.822220 91.822220 91.822220 91.822220 91.822220 91.822220 86.822220 82.822220 72.822220 63.822220 56.822220 58.822220 39.822220 
-15.177780 -6.177780 91.822220 91.822220 91.822220 91.822220 90.822220 83.822220 74.822220 67.822220 61.822220 50.822220 38.822220 33.822220 6.822220 
-12.177780 -4.177780 91.822220 91.822220 91.822220 89.822220 72.822220 70.822220 66.822220 52.822220 42.822220 36.822220 21.822220 10.822220 -17.177780 
-15.177780 -11.177780 75.822220 74.822220 72.822220 67.822220 56.822220 56.822220 48.822220 35.822220 23.822220 12.822220 0.822220 -21.177780 -31.177780 
-26.177780 -23.177780 35.822220 47.822220 47.822220 43.822220 33.822220 31.822220 24.822220 12.822220 -1.177780 -18.177780 -32.177780 -36.177780 -40.177780 
-20.177780 -23.177780 -19.177780 1.822220 12.822220 11.822220 5.822220 -1.177780 -10.177780 -24.177780 -32.177780 -40.177780 -42.177780 -44.177780 -40.177780 
-24.177780 -21.177780 -23.177780 -38.177780 -32.177780 -29.177780 -34.177780 -38.177780 -42.177780 -45.177780 -46.177780 -48.177780 -49.177780 -51.177780 -29.177780 
-30.177780 -35.177780 -34.177780 -34.177780 -43.177780 -42.177780 -48.177780 -51.177780 -53.177780 -54.177780 -54.177780 -53.177780 -51.177780 -30.177780 -23.177780 
-28.177780 -27.177780 -32.177780 -31.177780 -47.177780 -53.177780 -52.177780 -60.177780 -58.177780 -59.177780 -58.177780 -57.177780 -45.177780 -26.177780 -28.177780 
-28.177780 -28.177780 -27.177780 -34.177780 -25.177780 -89.177780 -98.177780 -94.177780 -88.177780 -82.177780 -88.177780 -77.177780 -27.177780 -28.177780 -24.177780 
-44.177780 -33.177780 -38.177780 -32.177780 -30.177780 -44.177780 -97.177780 -100.177780 -101.177780 -99.177780 -94.177780 -32.177780 -30.177780 -36.177780 -22.177780 
-36.177780 -34.177780 -42.177780 -43.177780 -32.177780 -32.177780 -94.177780 -107.177780 -104.177780 -100.177780 -31.177780 -24.177780 -27.177780 -25.177780 -26.177780 
-33.177780 -32.177780 -40.177780 -35.177780 -25.177780 -21.177780 -23.177780 -101.177780 -99.177780 -27.177780 -13.177780 -21.177780 -23.177780 -12.177780 -14.177780 
20 #Negative Sample Size
-74.017776 -75.017776 -78.017776 -75.017776 -73.017776 -75.017776 -72.017776 -70.017776 -73.017776 -68.017776 -67.017776 -69.017776 -69.017776 -68.017776 -69.017776 
-75.017776 -75.017776 -75.017776 -75.017776 -73.017776 -72.017776 -71.017776 -67.017776 -68.017776 -66.017776 -65.017776 -64.017776 -65.017776 -64.017776 -63.017776 
-75.017776 -75.017776 -71.017776 -71.017776 -69.017776 -69.017776 -67.017776 -65.017776 -64.017776 -61.017776 -62.017776 -58.017776 -57.017776 -56.017776 -53.017776 
-74.017776 -72.017776 -74.017776 -69.017776 -68.017776 -65.017776 -66.017776 -60.017776 -55.017776 -53.017776 -40.017776 -14.017776 19.982224 21.982224 38.982224 
-71.017776 -72.017776 -70.017776 -67.017776 -64.017776 -58.017776 -56.017776 -46.017776 -6.017776 39.982224 39.982224 39.982224 39.982224 39.982224 39.982224 
-67.017776 -69.017776 -62.017776 -64.017776 -60.017776 -52.017776 -3.017776 34.982224 39.982224 39.982224 39.982224 39.982224 39.982224 39.982224 39.982224 
-70.017776 -65.017776 -62.017776 -56.017776 -34.017776 34.982224 39.982224 39.982224 39.982224 39.982224 39.982224 39.982224 39.982224 39.982224 39.982224 
-69.017776 -60.017776 -57.017776 -17.017776 39.982224 39.982224 39.982224 39.982224 39.982224 39.982224 39.982224 39.982224 39.982224 39.982224 39.982224 
-64.017776 -60.017776 -6.017776 39.982224 39.982224 39.982224 39.982224 39.982224 39.982224 39.982224 39.982224 39.982224 39.982224 39.982224 39.982224 
-60.017776 -14.017776 39.982224 39.982224 39.982224 39.982224 39.982224 39.982224 39.982224 39.982224 39.982224 39.982224 39.982224 39.982224 39.982224 
-48.017776 37.982224 39.982224 39.982224 39.982224 39.982224 39.982224 39.982224 39.982224 39.982224 39.982224 39.982224 39.982224 39.982224 39.982224 
39.982224 39.982224 39.982224 39.982224 39.982224 39.982224 39.982224 39.982224 39.982224 39.982224 39.982224 39.982224 39.982224 39.982224 39.982224 
39.982224 39.982224 39.982224 39.982224 39.982224 39.982224 39.982224 39.982224 39.982224 39.982224 39.982224 39.982224 39.982224 39.982224 39.982224 
39.982224 39.982224 39.982224 39.982224 39.982224 39.982224 39.982224 39.982224 39.982224 39.982224 39.982224 39.982224 39.982224 39.982224 39.982224 
39.982224 39.982224 39.982224 39.982224 39.982224 39.982224 39.982224 39.982224 39.982224 39.982224 39.982224 39.982224 39.982224 39.982224 39.982224 
-25.871109 -27.871109 -30.871109 -33.871109 -33.871109 -37.871109 -37.871109 -39.871109 -38.871109 -39.871109 -41.871109 -41.871109 -43.871109 -45.871109 -45.871109 
19.128891 -18.871109 -25.871109 -27.871109 -33.871109 -33.871109 -35.871109 -37.871109 -38.871109 -41.871109 -43.871109 -43.871109 -45.871109 -43.871109 -45.871109 
83.128891 82.128891 12.128891 -24.871109 -29.871109 -32.871109 -37.871109 -38.871109 -38.871109 -39.871109 -41.871109 -42.871109 -41.871109 -44.871109 -42.871109 
83.128891 83.128891 83.128891 68.128891 -24.871109 -31.871109 -32.871109 -36.871109 -37.871109 -39.871109 -41.871109 -42.871109 -43.871109 -47.871109 -44.871109 
83.128891 83.128891 83.128891 83.128891 76.128891 -27.871109 -31.871109 -33.871109 -35.871109 -39.871109 -42.871109 -42.871109 -43.871109 -44.871109 -44.871109 
83.128891 83.128891 83.128891 83.128891 83.128891 45.128891 -29.871109 -34.871109 -36.871109 -39.871109 -40.871109 -41.871109 -43.871109 -44.871109 -46.871109 
83.128891 83.128891 83.128891 83.128891 83.128891 83.128891 -5.871109 -33.871109 -35.871109 -37.871109 -42.871109 -41.871109 -42.871109 -43.871109 -46.871109 
83.128891 83.128891 83.128891 83.128891 83.128891 83.128891 59.128891 -31.871109 -36.871109 -38.871109 -40.871109 -41.871109 -44.871109 -44.871109 -43.871109 
83.128891 83.128891 83.128891 83.128891 83.128891 83.128891 72.128891 -7.871109 -37.871109 -37.871109 -40.871109 -42.871109 -42.871109 -44.871109 -44.871109 
83.128891 83.128891 83.128891 83.128891 83.128891 81.128891 66.128891 7.128891 -37.871109 -39.871109 -41.871109 -40.871109 -45.871109 -44.871109 -46.871109 
83.128891 83.128891 83.128891 83.128891 80.128891 66.128891 52.128891 26.128891 -36.871109 -39.871109 -40.871109 -41.871109 -43.871109 -46.871109 -48.871109 
83.128891 83.128891 82.128891 72.128891 68.128891 55.128891 37.128891 20.128891 -33.871109 -38.871109 -41.871109 -42.871109 -45.871109 -43.871109 -47.871109 
80.128891 73.128891 63.128891 60.128891 54.128891 38.128891 23.128891 1.128891 -34.871109 -42.871109 -40.871109 -42.871109 -44.871109 -45.871109 -46.871109 
66.128891 59.128891 50.128891 43.128891 36.128891 24.128891 10.128891 -17.871109 -35.871109 -40.871109 -39.871109 -40.871109 -43.871109 -43.871109 -46.871109 
50.128891 45.128891 36.128891 28.128891 19.128891 6.128891 -8.871109 -24.871109 -34.871109 -41.871109 -40.871109 -44.871109 -44.871109 -45.871109 -45.871109 
-40.813339 -39.813339 -40.813339 -36.813339 -36.813339 -33.813339 -27.813339 58.186661 77.186661 77.186661 77.186661 77.186661 77.186661 77.186661 77.186661 
-40.813339 -39.813339 -38.813339 -37.813339 -35.813339 -30.813339 -26.813339 55.186661 75.186661 77.186661 77.186661 77.186661 77.186661 77.186661 77.186661 
-39.813339 -39.813339 -36.813339 -34.813339 -35.813339 -33.813339 -27.813339 50.186661 72.186661 76.186661 77.186661 77.186661 77.186661 77.186661 77.186661 
-42.813339 -39.813339 -36.813339 -37.813339 -35.813339 -31.813339 -28.813339 57.186661 66.186661 75.186661 77.186661 77.186661 77.186661 77.186661 77.186661 
-45.813339 -41.813339 -39.813339 -36.813339 -36.813339 -35.813339 -31.813339 42.186661 68.186661 72.186661 74.186661 77.186661 77.186661 77.186661 77.186661 
-40.813339 -40.813339 -40.813339 -36.813339 -39.813339 -34.813339 -33.813339 14.186661 54.186661 69.186661 74.186661 76.186661 75.186661 76.186661 75.186661 
-39.813339 -40.813339 -39.813339 -37.813339 -40.813339 -40.813339 -36.813339 -18.813339 42.186661 55.186661 63.186661 68.186661 75.186661 76.186661 74.186661 
-38.813339 -35.813339 -38.813339 -37.813339 -34.813339 -38.813339 -36.813339 -32.813339 26.186661 46.186661 53.186661 57.186661 61.186661 66.186661 65.186661 
-37.813339 -35.813339 -31.813339 -34.813339 -37.813339 -35.813339 -33.813339 -31.813339 0.186661 31.186661 41.186661 45.186661 51.186661 55.186661 56.186661 
-35.813339 -39.813339 -36.813339 -36.813339 -36.813339 -38.813339 -36.813339 -37.813339 -24.813339 11.186661 29.186661 33.186661 40.186661 42.186661 43.186661 
-41.813339 -41.813339 -38.813339 -38.813339 -35.813339 -36.813339 -40.813339 -38.813339 -33.813339 -9.813339 12.186661 22.186661 28.186661 30.186661 30.186661 
-39.813339 -40.813339 -39.813339 -40.813339 -41.813339 -38.813339 -38.813339 -36.813339 -37.813339 -29.813339 -6.813339 8.186661 15.186661 18.186661 20.186661 
-36.813339 -36.813339 -38.813339 -40.813339 -39.813339 -36.813339 -34.813339 -28.813339 -29.813339 -28.813339 -29.813339 -11.813339 2.186661 6.186661 9.186661 
-34.813339 -40.813339 -43.813339 -38.813339 -42.813339 -36.813339 -36.813339 -39.813339 -36.813339 -31.813339 -36.813339 -32.813339 -20.813339 -9.813339 -4.813339 
-40.813339 -40.813339 -41.813339 -40.813339 -41.813339 -42.813339 -43.813339 -41.813339 -36.813339 -36.813339 -37.813339 -44.813339 -36.813339 -28.813339 -24.813339 
-37.204437 -32.204437 -9.204437 72.795563 75.795563 75.795563 75.795563 75.795563 75.795563 75.795563 75.795563 75.795563 75.795563 75.795563 75.795563 
-36.204437 -34.204437 -9.204437 64.795563 74.795563 75.795563 75.795563 75.795563 75.795563 75.795563 75.795563 75.795563 75.795563 75.795563 75.795563 
-38.204437 -36.204437 -17.204437 61.795563 72.795563 74.795563 74.795563 75.795563 75.795563 75.795563 75.795563 75.795563 75.795563 75.795563 75.795563 
-40.204437 -41.204437 -29.204437 42.795563 61.795563 71.795563 73.795563 73.795563 69.795563 69.795563 72.795563 73.795563 72.795563 72.795563 70.795563 
-36.204437 -39.204437 -38.204437 20.795563 45.795563 53.795563 59.795563 62.795563 65.795563 67.795563 65.795563 66.795563 67.795563 64.795563 61.795563 
-40.204437 -41.204437 -35.204437 -22.204437 26.795563 37.795563 44.795563 49.795563 48.795563 49.795563 52.795563 49.795563 51.795563 51.795563 50.795563 
-39.204437 -38.204437 -41.204437 -39.204437 1.795563 20.795563 27.795563 28.795563 33.795563 34.795563 36.795563 34.795563 35.795563 34.795563 33.795563 
-41.204437 -38.204437 -39.204437 -38.204437 -29.204437 -5.204437 10.795563 15.795563 16.795563 17.795563 21.795563 22.795563 20.795563 19.795563 21.795563 
-41.204437 -38.204437 -37.204437 -35.204437 -34.204437 -35.204437 -16.204437 -4.204437 0.795563 3.795563 4.795563 6.795563 4.795563 5.795563 5.795563 
-42.204437 -41.204437 -45.204437 -40.204437 -39.204437 -41.204437 -41.204437 -32.204437 -23.204437 -13.204437 -8.204437 -8.204437 -5.204437 -8.204437 -6.204437 
-38.204437 -44.204437 -44.204437 -44.204437 -44.204437 -44.204437 -50.204437 -46.204437 -43.204437 -37.204437 -33.204437 -34.204437 -28.204437 -27.204437 -27.204437 
-47.204437 -49.204437 -47.204437 -51.204437 -46.204437 -47.204437 -50.204437 -53.204437 -52.204437 -49.204437 -45.204437 -47.204437 -44.204437 -43.204437 -43.204437 
-48.204437 -48.204437 -50.204437 -50.204437 -49.204437 -52.204437 -53.204437 -55.204437 -54.204437 -53.204437 -53.204437 -51.204437 -53.204437 -53.204437 -53.204437 
-49.204437 -49.204437 -48.204437 -50.204437 -48.204437 -48.204437 -47.204437 -50.204437 -54.204437 -58.204437 -57.204437 -54.204437 -55.204437 -56.204437 -58.204437 
-49.204437 -46.204437 -47.204437 -45.204437 -47.204437 -47.204437 -49.204437 -50.204437 -54.204437 -59.204437 -59.204437 -60.204437 -61.204437 -63.204437 -62.204437 
72.204437 72.204437 72.204437 72.204437 72.204437 72.204437 72.204437 72.204437 72.204437 72.204437 72.204437 71.204437 70.204437 71.204437 68.204437 
71.204437 66.204437 68.204437 62.204437 69.204437 69.204437 68.204437 69.204437 68.204437 64.204437 67.204437 66.204437 65.204437 65.204437 61.204437 
61.204437 63.204437 67.204437 62.204437 64.204437 64.204437 63.204437 61.204437 59.204437 59.204437 56.204437 58.204437 57.204437 56.204437 52.204437 
54.204437 51.204437 51.204437 51.204437 57.204437 53.204437 53.204437 53.204437 51.204437 54.204437 50.204437 51.204437 50.204437 48.204437 47.204437 
35.204437 35.204437 37.204437 36.204437 39.204437 39.204437 37.204437 38.204437 37.204437 36.204437 36.204437 36.204437 33.204437 29.204437 30.204437 
21.204437 22.204437 28.204437 27.204437 27.204437 26.204437 27.204437 27.204437 26.204437 23.204437 22.204437 24.204437 21.204437 19.204437 14.204437 
6.204437 9.204437 14.204437 12.204437 15.204437 16.204437 13.204437 13.204437 14.204437 15.204437 10.204437 11.204437 9.204437 7.204437 4.204437 
-7.795563 -5.795563 -0.795563 4.204437 2.204437 3.204437 2.204437 3.204437 2.204437 0.204437 -0.795563 -0.795563 -1.795563 -0.795563 -3.795563 
-31.795563 -24.795563 -18.795563 -12.795563 -10.795563 -8.795563 -5.795563 -8.795563 -8.795563 -7.795563 -9.795563 -9.795563 -9.795563 -13.795563 -15.795563 
-48.795563 -42.795563 -35.795563 -31.795563 -26.795563 -27.795563 -25.795563 -22.795563 -19.795563 -21.795563 -21.795563 -26.795563 -28.795563 -30.795563 -32.795563 
-53.795563 -51.795563 -46.795563 -44.795563 -42.795563 -44.795563 -42.795563 -41.795563 -39.795563 -41.795563 -43.795563 -42.795563 -44.795563 -44.795563 -50.795563 
-60.795563 -57.795563 -53.795563 -54.795563 -51.795563 -51.795563 -50.795563 -50.795563 -52.795563 -50.795563 -46.795563 -53.795563 -52.795563 -55.795563 -57.795563 
-55.795563 -57.795563 -60.795563 -57.795563 -57.795563 -55.795563 -57.795563 -57.795563 -56.795563 -56.795563 -45.795563 -57.795563 -57.795563 -56.795563 -51.795563 
-53.795563 -54.795563 -62.795563 -61.795563 -61.795563 -57.795563 -58.795563 -60.795563 -62.795563 -58.795563 -59.795563 -60.795563 -60.795563 -62.795563 -64.795563 
-57.795563 -54.795563 -62.795563 -61.795563 -61.795563 -63.795563 -64.795563 -65.795563 -63.795563 -64.795563 -65.795563 -66.795563 -57.795563 -65.795563 -67.795563 
69.773331 69.773331 69.773331 69.773331 69.773331 69.773331 69.773331 69.773331 69.773331 69.773331 65.773331 34.773331 -44.226669 -53.226669 -51.226669 
69.773331 69.773331 69.773331 69.773331 69.773331 69.773331 69.773331 69.773331 69.773331 68.773331 59.773331 39.773331 -35.226669 -51.226669 -53.226669 
69.773331 69.773331 69.773331 69.773331 69.773331 69.773331 69.773331 69.773331 67.773331 57.773331 46.773331 34.773331 -19.226669 -50.226669 -55.226669 
69.773331 69.773331 69.773331 69.773331 69.773331 69.773331 67.773331 65.773331 58.773331 48.773331 35.773331 23.773331 -14.226669 -49.226669 -53.226669 
69.773331 69.773331 69.773331 69.773331 67.773331 60.773331 61.773331 53.773331 46.773331 36.773331 23.773331 9.773331 -23.226669 -53.226669 -53.226669 
69.773331 68.773331 66.773331 64.773331 57.773331 48.773331 45.773331 38.773331 34.773331 22.773331 11.773331 -2.226669 -34.226669 -54.226669 -57.226669 
65.773331 64.773331 57.773331 50.773331 45.773331 40.773331 32.773331 26.773331 19.773331 10.773331 -0.226669 -15.226669 -42.226669 -56.226669 -55.226669 
53.773331 50.773331 44.773331 38.773331 33.773331 23.773331 21.773331 13.773331 6.773331 -5.226669 -16.226669 -33.226669 -47.226669 -55.226669 -54.226669 
37.773331 37.773331 33.773331 24.773331 19.773331 10.773331 4.773331 -1.226669 -6.226669 -10.226669 -29.226669 -42.226669 -56.226669 -56.226669 -56.226669 
26.773331 25.773331 21.773331 16.773331 10.773331 6.773331 -0.226669 -8.226669 -20.226669 -39.226669 -48.226669 -56.226669 -62.226669 -56.226669 -57.226669 
15.773331 12.773331 6.773331 1.773331 -5.226669 -10.226669 -17.226669 -29.226669 -41.226669 -51.226669 -54.226669 -60.226669 -57.226669 -57.226669 -59.226669 
1.773331 -4.226669 -11.226669 -14.226669 -19.226669 -31.226669 -38.226669 -47.226669 -53.226669 -58.226669 -61.226669 -66.226669 -59.226669 -56.226669 -58.226669 
-11.226669 -15.226669 -27.226669 -33.226669 -38.226669 -44.226669 -53.226669 -57.226669 -63.226669 -65.226669 -68.226669 -73.226669 -56.226669 -60.226669 -59.226669 
-24.226669 -32.226669 -45.226669 -47.226669 -54.226669 -56.226669 -61.226669 -64.226669 -65.226669 -68.226669 -70.226669 -61.226669 -57.226669 -55.226669 -56.226669 
-43.226669 -52.226669 -57.226669 -61.226669 -61.226669 -64.226669 -69.226669 -68.226669 -69.226669 -67.226669 -73.226669 -57.226669 -55.226669 -56.226669 -57.226669 
62.231110 79.231110 75.231110 76.231110 70.231110 73.231110 76.231110 85.231110 81.231110 89.231110 89.231110 89.231110 87.231110 84.231110 71.231110 
60.231110 53.231110 54.231110 69.231110 73.231110 74.231110 72.231110 77.231110 84.231110 85.231110 89.231110 89.231110 89.231110 81.231110 64.231110 
45.231110 72.231110 68.231110 63.231110 71.231110 68.231110 67.231110 76.231110 83.231110 85.231110 81.231110 77.231110 70.231110 64.231110 45.231110 
31.231110 60.231110 63.231110 60.231110 64.231110 64.231110 67.231110 66.231110 72.231110 79.231110 50.231110 40.231110 21.231110 24.231110 16.231110 
8.231110 36.231110 47.231110 40.231110 36.231110 46.231110 53.231110 62.231110 62.231110 62.231110 33.231110 7.231110 -10.768890 -22.768890 -23.768890 
3.231110 -0.768890 9.231110 32.231110 37.231110 35.231110 41.231110 48.231110 53.231110 47.231110 19.231110 -7.768890 -29.768890 -39.768890 -51.768890 
-7.768890 -0.768890 -1.768890 2.231110 30.231110 41.231110 40.231110 45.231110 20.231110 1.231110 -9.768890 -16.768890 -33.768890 -50.768890 -61.768890 
-6.768890 10.231110 1.231110 1.231110 19.231110 29.231110 24.231110 17.231110 2.231110 -4.768890 -24.768890 -35.768890 -47.768890 -60.768890 -71.768890 
-16.768890 -20.768890 -8.768890 11.231110 15.231110 8.231110 -4.768890 -9.768890 -16.768890 -23.768890 -24.768890 -43.768890 -59.768890 -71.768890 -79.768890 
-15.768890 -18.768890 -18.768890 -4.768890 -3.768890 -11.768890 -11.768890 -16.768890 -25.768890 -34.768890 -45.768890 -54.768890 -68.768890 -79.768890 -87.768890 
-7.768890 -10.768890 -13.768890 -17.768890 -14.768890 -15.768890 -19.768890 -24.768890 -29.768890 -44.768890 -55.768890 -67.768890 -76.768890 -84.768890 -92.768890 
-11.768890 -12.768890 -13.768890 -14.768890 -17.768890 -19.768890 -27.768890 -36.768890 -42.768890 -54.768890 -65.768890 -73.768890 -83.768890 -90.768890 -96.768890 
-13.768890 -15.768890 -16.768890 -19.768890 -20.768890 -24.768890 -33.768890 -44.768890 -52.768890 -62.768890 -73.768890 -81.768890 -88.768890 -93.768890 -96.768890 
-14.768890 -20.768890 -23.768890 -24.768890 -31.768890 -42.768890 -45.768890 -51.768890 -62.768890 -72.768890 -80.768890 -88.768890 -93.768890 -96.768890 -98.768890 
-21.768890 -24.768890 -25.768890 -30.768890 -39.768890 -46.768890 -53.768890 -62.768890 -70.768890 -79.768890 -87.768890 -93.768890 -95.768890 -97.768890 -98.768890 
50.951111 68.951111 78.951111 88.951111 95.951111 99.951111 99.951111 98.951111 96.951111 97.951111 93.951111 77.951111 63.951111 48.951111 28.951111 
61.951111 68.951111 79.951111 86.951111 90.951111 92.951111 93.951111 87.951111 82.951111 85.951111 78.951111 67.951111 56.951111 37.951111 14.951111 
64.951111 72.951111 78.951111 82.951111 82.951111 81.951111 78.951111 70.951111 64.951111 66.951111 61.951111 56.951111 45.951111 21.951111 2.951111 
66.951111 71.951111 70.951111 74.951111 73.951111 68.951111 63.951111 55.951111 46.951111 44.951111 39.951111 34.951111 23.951111 5.951111 -11.048889 
59.951111 59.951111 61.951111 62.951111 61.951111 56.951111 49.951111 39.951111 26.951111 17.951111 15.951111 10.951111 2.951111 -8.048889 -24.048889 
56.951111 56.951111 53.951111 52.951111 50.951111 45.951111 32.951111 18.951111 7.951111 0.951111 -6.048889 -11.048889 -17.048889 -28.048889 -38.048889 
42.951111 42.951111 37.951111 33.951111 27.951111 17.951111 7.951111 -5.048889 -13.048889 -21.048889 -27.048889 -30.048889 -35.048889 -39.048889 -43.048889 
21.951111 18.951111 14.951111 9.951111 3.951111 -6.048889 -13.048889 -21.048889 -28.048889 -34.048889 -36.048889 -39.048889 -42.048889 -44.048889 -45.048889 
2.951111 -1.048889 -7.048889 -11.048889 -16.048889 -23.048889 -31.048889 -37.048889 -39.048889 -42.048889 -43.048889 -43.048889 -45.048889 -47.048889 -47.048889 
-18.048889 -20.048889 -26.048889 -29.048889 -33.048889 -36.048889 -41.048889 -43.048889 -45.048889 -45.048889 -46.048889 -48.048889 -48.048889 -47.048889 -47.048889 
-33.048889 -34.048889 -39.048889 -41.048889 -43.048889 -45.048889 -47.048889 -47.048889 -48.048889 -48.048889 -48.048889 -49.048889 -48.048889 -47.048889 -48.048889 
-46.048889 -45.048889 -47.048889 -47.048889 -46.048889 -49.048889 -47.048889 -50.048889 -49.048889 -47.048889 -49.048889 -50.048889 -47.048889 -47.048889 -42.048889 
-46.048889 -47.048889 -49.048889 -50.048889 -49.048889 -47.048889 -48.048889 -50.048889 -50.048889 -50.048889 -48.048889 -48.048889 -48.048889 -41.048889 -34.048889 
-48.048889 -49.048889 -50.048889 -50.048889 -50.048889 -50.048889 -51.048889 -50.048889 -51.048889 -51.048889 -49.048889 -46.048889 -41.048889 -33.048889 -31.048889 
-51.048889 -52.048889 -53.048889 -52.048889 -52.048889 -52.048889 -51.048889 -51.048889 -49.048889 -50.048889 -49.048889 -43.048889 -32.048889 -31.048889 -32.048889 
106.671112 106.671112 106.671112 106.671112 106.671112 105.671112 102.671112 96.671112 89.671112 76.671112 54.671112 15.671112 -7.328888 -15.328888 -20.328888 
103.671112 106.671112 106.671112 106.671112 106.671112 106.671112 106.671112 104.671112 98.671112 78.671112 49.671112 5.671112 -10.328888 -20.328888 -22.328888 
97.671112 103.671112 106.671112 106.671112 106.671112 106.671112 106.671112 106.671112 101.671112 78.671112 40.671112 -0.328888 -12.328888 -18.328888 -27.328888 
73.671112 92.671112 99.671112 104.671112 106.671112 106.671112 105.671112 102.671112 90.671112 60.671112 20.671112 -7.328888 -15.328888 -20.328888 -25.328888 
3.671112 19.671112 41.671112 60.671112 74.671112 79.671112 76.671112 63.671112 42.671112 18.671112 -2.328888 -11.328888 -18.328888 -22.328888 -26.328888 
-9.328888 -6.328888 -4.328888 -0.328888 3.671112 7.671112 10.671112 8.671112 -1.328888 -9.328888 -15.328888 -18.328888 -23.328888 -27.328888 -29.328888 
-14.328888 -11.328888 -10.328888 -7.328888 -7.328888 -5.328888 -5.328888 -13.328888 -18.328888 -20.328888 -19.328888 -21.328888 -23.328888 -25.328888 -29.328888 
-16.328888 -13.328888 -10.328888 -11.328888 -9.328888 -11.328888 -18.328888 -20.328888 -20.328888 -23.328888 -20.328888 -21.328888 -25.328888 -28.328888 -30.328888 
-19.328888 -15.328888 -14.328888 -13.328888 -17.328888 -25.328888 -26.328888 -25.328888 -25.328888 -24.328888 -25.328888 -24.328888 -26.328888 -31.328888 -31.328888 
-15.328888 -16.328888 -18.328888 -23.328888 -31.328888 -32.328888 -31.328888 -28.328888 -26.328888 -30.328888 -29.328888 -29.328888 -33.328888 -33.328888 -34.328888 
-23.328888 -27.328888 -31.328888 -33.328888 -36.328888 -38.328888 -38.328888 -35.328888 -36.328888 -34.328888 -34.328888 -37.328888 -37.328888 -36.328888 -37.328888 
-30.328888 -34.328888 -33.328888 -36.328888 -37.328888 -40.328888 -39.328888 -40.328888 -39.328888 -38.328888 -37.328888 -41.328888 -39.328888 -40.328888 -39.328888 
-37.328888 -39.328888 -39.328888 -37.328888 -39.328888 -39.328888 -38.328888 -39.328888 -40.328888 -40.328888 -42.328888 -41.328888 -40.328888 -40.328888 -41.328888 
-40.328888 -39.328888 -41.328888 -41.328888 -41.328888 -40.328888 -42.328888 -43.328888 -44.328888 -44.328888 -44.328888 -41.328888 -42.328888 -41.328888 -44.328888 
-43.328888 -42.328888 -45.328888 -47.328888 -45.328888 -43.328888 -45.328888 -44.328888 -44.328888 -44.328888 -45.328888 -43.328888 -44.328888 -43.328888 -44.328888 
59.666672 79.666672 89.666672 94.666672 98.666672 93.666672 91.666672 103.666672 111.666672 111.666672 111.666672 110.666672 101.666672 91.666672 83.666672 
-0.333328 16.666672 49.666672 71.666672 83.666672 82.666672 89.666672 103.666672 110.666672 111.666672 111.666672 111.666672 111.666672 103.666672 93.666672 
-9.333328 -4.333328 -2.333328 7.666672 30.666672 64.666672 77.666672 93.666672 102.666672 109.666672 111.666672 111.666672 111.666672 110.666672 103.666672 
-12.333328 -8.333328 -10.333328 -8.333328 18.666672 21.666672 6.666672 28.666672 64.666672 85.666672 103.666672 110.666672 111.666672 102.666672 78.666672 
-13.333328 -13.333328 -15.333328 -10.333328 6.666672 -4.333328 -6.333328 -6.333328 -2.333328 3.666672 10.666672 17.666672 28.666672 26.666672 8.666672 
-16.333328 -15.333328 -18.333328 -12.333328 -5.333328 -12.333328 -12.333328 -10.333328 -9.333328 -7.333328 -3.333328 -2.333328 0.666672 -9.333328 -15.333328 
-17.333328 -17.333328 -18.333328 -10.333328 -18.333328 -16.333328 -15.333328 -11.333328 -13.333328 -8.333328 -9.333328 -7.333328 -17.333328 -18.333328 -19.333328 
-18.333328 -18.333328 -17.333328 -16.333328 -17.333328 -18.333328 -18.333328 -17.333328 -12.333328 -11.333328 -17.333328 -27.333328 -27.333328 -23.333328 -24.333328 
-29.333328 -19.333328 -20.333328 -24.333328 -19.333328 -18.333328 -21.333328 -20.333328 -19.333328 -27.333328 -27.333328 -32.333328 -33.333328 -33.333328 -33.333328 
-26.333328 -29.333328 -27.333328 -33.333328 -36.333328 -35.333328 -33.333328 -29.333328 -31.333328 -32.333328 -32.333328 -35.333328 -34.333328 -34.333328 -36.333328 
-37.333328 -35.333328 -33.333328 -36.333328 -37.333328 -37.333328 -36.333328 -34.333328 -36.333328 -36.333328 -38.333328 -37.333328 -37.333328 -41.333328 -40.333328 
-35.333328 -30.333328 -35.333328 -37.333328 -38.333328 -38.333328 -43.333328 -36.333328 -36.333328 -40.333328 -39.333328 -40.333328 -40.333328 -41.333328 -38.333328 
-16.333328 -20.333328 -38.333328 -41.333328 -40.333328 -42.333328 -43.333328 -42.333328 -42.333328 -40.333328 -39.333328 -40.333328 -41.333328 -43.333328 -41.333328 
-13.333328 -30.333328 -39.333328 -42.333328 -42.333328 -41.333328 -43.333328 -43.333328 -39.333328 -41.333328 -40.333328 -40.333328 -42.333328 -43.333328 -42.333328 
-31.333328 -39.333328 -46.333328 -43.333328 -43.333328 -43.333328 -47.333328 -42.333328 -40.333328 -41.333328 -38.333328 -44.333328 -43.333328 -42.333328 -42.333328 
55.822220 62.822220 66.822220 70.822220 78.822220 101.822220 100.822220 101.822220 91.822220 72.822220 63.822220 44.822220 -1.177780 -15.177780 -26.177780 
64.822220 68.822220 74.822220 78.822220 92.822220 101.822220 95.822220 101.822220 95.822220 77.822220 69.822220 62.822220 23.822220 -17.177780 -25.177780 
75.822220 78.822220 84.822220 94.822220 98.822220 91.822220 84.822220 101.822220 101.822220 85.822220 74.822220 68.822220 43.822220 -12.177780 -17.177780 
3.822220 55.822220 77.822220 89.822220 94.822220 89.822220 80.822220 100.822220 101.822220 99.822220 85.822220 74.822220 51.822220 -11.177780 -22.177780 
-15.177780 -17.177780 1.822220 51.822220 73.822220 75.822220 83.822220 100.822220 101.822220 101.822220 100.822220 87.822220 55.822220 -9.177780 -24.177780 
-16.177780 -21.177780 -16.177780 -15.177780 -8.177780 45.822220 58.822220 83.822220 100.822220 101.822220 101.822220 99.822220 42.822220 -16.177780 -31.177780 
-21.177780 -21.177780 -24.177780 -22.177780 -20.177780 -7.177780 -14.177780 -9.177780 8.822220 44.822220 56.822220 31.822220 -9.177780 -22.177780 -32.177780 
-26.177780 -24.177780 -25.177780 -28.177780 -14.177780 -20.177780 -24.177780 -21.177780 -18.177780 -13.177780 -10.177780 -24.177780 -25.177780 -28.177780 -35.177780 
-43.177780 -31.177780 -28.177780 -29.177780 -25.177780 -27.177780 -27.177780 -22.177780 -21.177780 -23.177780 -33.177780 -30.177780 -31.177780 -31.177780 -38.177780 
-43.177780 -43.177780 -31.177780 -31.177780 -32.177780 -30.177780 -31.177780 -29.177780 -38.177780 -42.177780 -44.177780 -42.177780 -40.177780 -42.177780 -44.177780 
-48.177780 -48.177780 -38.177780 -40.177780 -46.177780 -48.177780 -44.177780 -41.177780 -44.177780 -45.177780 -46.177780 -46.177780 -48.177780 -46.177780 -47.177780 
-50.177780 -47.177780 -38.177780 -45.177780 -48.177780 -49.177780 -50.177780 -47.177780 -50.177780 -51.177780 -50.177780 -48.177780 -52.177780 -48.177780 -50.177780 
-53.177780 -50.177780 -20.177780 -48.177780 -51.177780 -52.177780 -53.177780 -54.177780 -51.177780 -51.177780 -51.177780 -52.177780 -53.177780 -55.177780 -54.177780 
-52.177780 -43.177780 -44.177780 -52.177780 -51.177780 -54.177780 -52.177780 -53.177780 -51.177780 -52.177780 -53.177780 -52.177780 -55.177780 -53.177780 -53.177780 
-56.177780 -60.177780 -55.177780 -54.177780 -55.177780 -57.177780 -54.177780 -54.177780 -57.177780 -55.177780 -49.177780 -48.177780 -51.177780 -54.177780 -58.177780 
53.177780 51.177780 51.177780 53.177780 53.177780 53.177780 53.177780 53.177780 53.177780 53.177780 53.177780 53.177780 48.177780 -6.822220 -23.822220 
53.177780 53.177780 53.177780 53.177780 53.177780 53.177780 53.177780 53.177780 53.177780 53.177780 53.177780 53.177780 48.177780 -4.822220 -22.822220 
52.177780 53.177780 53.177780 53.177780 53.177780 53.177780 53.177780 53.177780 53.177780 53.177780 53.177780 53.177780 48.177780 -4.822220 -25.822220 
53.177780 53.177780 53.177780 53.177780 53.177780 53.177780 53.177780 53.177780 53.177780 53.177780 53.177780 52.177780 48.177780 -4.822220 -25.822220 
53.177780 53.177780 53.177780 53.177780 53.177780 53.177780 53.177780 53.177780 53.177780 53.177780 53.177780 52.177780 48.177780 -2.822220 -24.822220 
53.177780 53.177780 52.177780 52.177780 51.177780 53.177780 53.177780 53.177780 53.177780 49.177780 47.177780 50.177780 46.177780 -1.822220 -21.822220 
22.177780 32.177780 38.177780 43.177780 46.177780 47.177780 47.177780 48.177780 46.177780 43.177780 42.177780 43.177780 39.177780 -2.822220 -22.822220 
-6.822220 -0.822220 1.177780 2.177780 2.177780 8.177780 21.177780 33.177780 36.177780 37.177780 37.177780 39.177780 35.177780 -0.822220 -25.822220 
-11.822220 -11.822220 -14.822220 -27.822220 -39.822220 -42.822220 -34.822220 -22.822220 -12.822220 -6.822220 8.177780 19.177780 23.177780 -6.822220 -30.822220 
-6.822220 -12.822220 -20.822220 -38.822220 -53.822220 -55.822220 -56.822220 -54.822220 -51.822220 -49.822220 -42.822220 -34.822220 -24.822220 -26.822220 -33.822220 
-3.822220 -10.822220 -25.822220 -49.822220 -54.822220 -62.822220 -62.822220 -57.822220 -57.822220 -57.822220 -57.822220 -55.822220 -48.822220 -47.822220 -41.822220 
-4.822220 -13.822220 -33.822220 -53.822220 -58.822220 -59.822220 -61.822220 -61.822220 -59.822220 -58.822220 -60.822220 -58.822220 -56.822220 -55.822220 -46.822220 
-3.822220 -17.822220 -42.822220 -56.822220 -60.822220 -62.822220 -63.822220 -63.822220 -59.822220 -60.822220 -61.822220 -60.822220 -60.822220 -57.822220 -49.822220 
-4.822220 -22.822220 -47.822220 -58.822220 -62.822220 -62.822220 -63.822220 -64.822220 -60.822220 -60.822220 -62.822220 -61.822220 -60.822220 -56.822220 -52.822220 
-8.822220 -34.822220 -55.822220 -61.822220 -62.822220 -62.822220 -62.822220 -64.822220 -63.822220 -65.822220 -61.822220 -60.822220 -60.822220 -60.822220 -52.822220 
49.071106 68.071106 79.071106 83.071106 80.071106 75.071106 67.071106 62.071106 60.071106 71.071106 82.071106 86.071106 87.071106 81.071106 71.071106 
31.071106 53.071106 65.071106 73.071106 72.071106 70.071106 66.071106 65.071106 67.071106 76.071106 85.071106 86.071106 83.071106 77.071106 69.071106 
7.071106 33.071106 47.071106 56.071106 60.071106 63.071106 63.071106 63.071106 69.071106 77.071106 82.071106 82.071106 77.071106 69.071106 62.071106 
-13.928894 2.071106 24.071106 38.071106 46.071106 51.071106 55.071106 59.071106 66.071106 74.071106 77.071106 73.071106 65.071106 57.071106 50.071106 
-26.928894 -18.928894 -4.928894 8.071106 19.071106 28.071106 38.071106 43.071106 54.071106 64.071106 65.071106 62.071106 56.071106 47.071106 40.071106 
-25.928894 -24.928894 -25.928894 -18.928894 -8.928894 1.071106 13.071106 23.071106 36.071106 47.071106 51.071106 48.071106 43.071106 36.071106 23.071106 
-21.928894 -25.928894 -29.928894 -29.928894 -25.928894 -19.928894 -13.928894 -6.928894 3.071106 16.071106 22.071106 23.071106 19.071106 11.071106 1.071106 
-16.928894 -20.928894 -26.928894 -32.928894 -32.928894 -33.928894 -31.928894 -27.928894 -21.928894 -15.928894 -11.928894 -9.928894 -11.928894 -13.928894 -19.928894 
-16.928894 -18.928894 -24.928894 -30.928894 -35.928894 -37.928894 -36.928894 -33.928894 -31.928894 -30.928894 -31.928894 -27.928894 -29.928894 -31.928894 -32.928894 
-18.928894 -19.928894 -22.928894 -28.928894 -37.928894 -38.928894 -40.928894 -34.928894 -32.928894 -32.928894 -32.928894 -29.928894 -33.928894 -35.928894 -35.928894 
-20.928894 -22.928894 -22.928894 -26.928894 -37.928894 -41.928894 -43.928894 -38.928894 -32.928894 -29.928894 -31.928894 -36.928894 -38.928894 -39.928894 -36.928894 
-22.928894 -23.928894 -21.928894 -21.928894 -30.928894 -46.928894 -52.928894 -47.928894 -38.928894 -30.928894 -31.928894 -34.928894 -43.928894 -40.928894 -41.928894 
-22.928894 -22.928894 -20.928894 -21.928894 -28.928894 -38.928894 -61.928894 -62.928894 -55.928894 -43.928894 -40.928894 -42.928894 -46.928894 -46.928894 -48.928894 
-20.928894 -22.928894 -21.928894 -24.928894 -26.928894 -31.928894 -56.928894 -69.928894 -69.928894 -62.928894 -58.928894 -63.928894 -64.928894 -61.928894 -64.928894 
-22.928894 -24.928894 -22.928894 -22.928894 -24.928894 -26.928894 -41.928894 -68.928894 -71.928894 -69.928894 -65.928894 -67.928894 -74.928894 -74.928894 -75.928894 
58.711105 61.711105 66.711105 69.711105 70.711105 66.711105 68.711105 64.711105 61.711105 53.711105 11.711105 -26.288895 -29.288895 -33.288895 -34.288895 
60.711105 63.711105 68.711105 71.711105 71.711105 71.711105 70.711105 67.711105 64.711105 58.711105 17.711105 -27.288895 -33.288895 -33.288895 -32.288895 
64.711105 67.711105 71.711105 72.711105 72.711105 71.711105 71.711105 70.711105 67.711105 62.711105 24.711105 -25.288895 -31.288895 -32.288895 -36.288895 
66.711105 68.711105 71.711105 72.711105 72.711105 72.711105 71.711105 70.711105 68.711105 67.711105 41.711105 -19.288895 -30.288895 -31.288895 -32.288895 
65.711105 67.711105 69.711105 71.711105 72.711105 72.711105 71.711105 69.711105 69.711105 70.711105 50.711105 -15.288895 -28.288895 -32.288895 -34.288895 
61.711105 64.711105 65.711105 69.711105 72.711105 72.711105 70.711105 70.711105 71.711105 71.711105 51.711105 -15.288895 -30.288895 -32.288895 -31.288895 
26.711105 25.711105 38.711105 44.711105 52.711105 59.711105 65.711105 68.711105 69.711105 69.711105 52.711105 -14.288895 -30.288895 -31.288895 -30.288895 
-4.288895 -15.288895 -13.288895 -9.288895 2.711105 17.711105 23.711105 27.711105 32.711105 40.711105 31.711105 -10.288895 -30.288895 -33.288895 -31.288895 
-15.288895 -29.288895 -35.288895 -32.288895 -32.288895 -25.288895 -22.288895 -17.288895 -15.288895 -10.288895 -12.288895 -27.288895 -33.288895 -33.288895 -34.288895 
-24.288895 -34.288895 -39.288895 -40.288895 -40.288895 -41.288895 -38.288895 -36.288895 -35.288895 -36.288895 -35.288895 -39.288895 -39.288895 -38.288895 -35.288895 
-32.288895 -39.288895 -40.288895 -41.288895 -44.288895 -43.288895 -42.288895 -42.288895 -40.288895 -41.288895 -42.288895 -41.288895 -43.288895 -37.288895 -36.288895 
-34.288895 -38.288895 -42.288895 -46.288895 -45.288895 -46.288895 -45.288895 -43.288895 -42.288895 -41.288895 -42.288895 -44.288895 -40.288895 -42.288895 -35.288895 
-37.288895 -40.288895 -41.288895 -42.288895 -46.288895 -46.288895 -47.288895 -46.288895 -45.288895 -45.288895 -43.288895 -43.288895 -42.288895 -40.288895 -33.288895 
-37.288895 -41.288895 -43.288895 -43.288895 -43.288895 -46.288895 -46.288895 -45.288895 -45.288895 -45.288895 -42.288895 -42.288895 -43.288895 -36.288895 -36.288895 
-36.288895 -39.288895 -44.288895 -47.288895 -46.288895 -45.288895 -45.288895 -48.288895 -47.288895 -46.288895 -44.288895 -43.288895 -44.288895 -39.288895 -35.288895 
61.284439 64.284439 65.284439 65.284439 67.284439 67.284439 63.284439 58.284439 56.284439 57.284439 56.284439 57.284439 56.284439 56.284439 50.284439 
58.284439 61.284439 61.284439 61.284439 63.284439 63.284439 60.284439 56.284439 54.284439 54.284439 54.284439 53.284439 53.284439 49.284439 35.284439 
57.284439 58.284439 59.284439 60.284439 60.284439 60.284439 58.284439 55.284439 52.284439 52.284439 50.284439 48.284439 41.284439 32.284439 24.284439 
53.284439 56.284439 57.284439 58.284439 59.284439 58.284439 56.284439 53.284439 48.284439 46.284439 37.284439 32.284439 24.284439 21.284439 16.284439 
49.284439 52.284439 54.284439 55.284439 56.284439 57.284439 54.284439 49.284439 38.284439 35.284439 26.284439 23.284439 19.284439 15.284439 10.284439 
33.284439 45.284439 52.284439 52.284439 53.284439 52.284439 49.284439 40.284439 30.284439 24.284439 19.284439 14.284439 13.284439 9.284439 7.284439 
26.284439 33.284439 45.284439 47.284439 50.284439 46.284439 37.284439 25.284439 15.284439 15.284439 12.284439 8.284439 7.284439 4.284439 0.284439 
9.284439 17.284439 23.284439 30.284439 30.284439 28.284439 24.284439 17.284439 9.284439 6.284439 3.284439 0.284439 -2.715561 -2.715561 -2.715561 
-41.715561 -36.715561 -35.715561 -27.715561 -24.715561 -19.715561 -16.715561 -22.715561 -24.715561 -28.715561 -34.715561 -37.715561 -39.715561 -38.715561 -34.715561 
-55.715561 -55.715561 -55.715561 -54.715561 -54.715561 -54.715561 -55.715561 -55.715561 -56.715561 -56.715561 -55.715561 -55.715561 -53.715561 -50.715561 -15.715561 
-56.715561 -57.715561 -59.715561 -57.715561 -58.715561 -56.715561 -59.715561 -59.715561 -58.715561 -59.715561 -58.715561 -55.715561 -52.715561 -25.715561 0.284439 
-59.715561 -60.715561 -60.715561 -59.715561 -63.715561 -61.715561 -60.715561 -61.715561 -59.715561 -58.715561 -58.715561 -57.715561 -44.715561 -5.715561 3.284439 
-60.715561 -61.715561 -60.715561 -63.715561 -62.715561 -61.715561 -63.715561 -61.715561 -59.715561 -61.715561 -58.715561 -51.715561 -15.715561 1.284439 3.284439 
-61.715561 -61.715561 -61.715561 -62.715561 -63.715561 -61.715561 -63.715561 -61.715561 -64.715561 -61.715561 -55.715561 -22.715561 -1.715561 3.284439 4.284439 
-55.715561 -60.715561 -60.715561 -63.715561 -63.715561 -58.715561 -63.715561 -62.715561 -60.715561 -49.715561 -16.715561 -1.715561 -1.715561 4.284439 6.284439 
60.164444 62.164444 66.164444 68.164444 68.164444 70.164444 71.164444 73.164444 71.164444 68.164444 64.164444 63.164444 63.164444 64.164444 61.164444 
50.164444 57.164444 62.164444 65.164444 67.164444 67.164444 68.164444 69.164444 68.164444 66.164444 61.164444 60.164444 60.164444 56.164444 50.164444 
39.164444 46.164444 58.164444 63.164444 65.164444 66.164444 67.164444 67.164444 67.164444 64.164444 60.164444 53.164444 50.164444 43.164444 36.164444 
28.164444 34.164444 47.164444 58.164444 60.164444 63.164444 64.164444 65.164444 65.164444 61.164444 52.164444 43.164444 34.164444 31.164444 29.164444 
23.164444 26.164444 35.164444 45.164444 55.164444 60.164444 61.164444 62.164444 62.164444 55.164444 41.164444 32.164444 31.164444 25.164444 22.164444 
15.164444 21.164444 25.164444 33.164444 41.164444 50.164444 55.164444 55.164444 50.164444 40.164444 31.164444 24.164444 20.164444 17.164444 15.164444 
5.164444 5.164444 9.164444 14.164444 19.164444 28.164444 33.164444 32.164444 30.164444 26.164444 22.164444 13.164444 13.164444 6.164444 7.164444 
-40.835556 -39.835556 -38.835556 -40.835556 -37.835556 -36.835556 -31.835556 -34.835556 -25.835556 -28.835556 -28.835556 -31.835556 -31.835556 -38.835556 -37.835556 
-47.835556 -47.835556 -47.835556 -46.835556 -44.835556 -48.835556 -46.835556 -46.835556 -45.835556 -47.835556 -47.835556 -48.835556 -48.835556 -47.835556 -46.835556 
-44.835556 -48.835556 -48.835556 -49.835556 -49.835556 -51.835556 -47.835556 -50.835556 -49.835556 -51.835556 -50.835556 -49.835556 -48.835556 -47.835556 -45.835556 
-41.835556 -47.835556 -50.835556 -51.835556 -51.835556 -51.835556 -52.835556 -53.835556 -52.835556 -52.835556 -53.835556 -51.835556 -50.835556 -52.835556 -45.835556 
-24.835556 -44.835556 -52.835556 -53.835556 -53.835556 -53.835556 -54.835556 -53.835556 -53.835556 -53.835556 -54.835556 -52.835556 -50.835556 -49.835556 -22.835556 
5.164444 -25.835556 -47.835556 -51.835556 -52.835556 -53.835556 -54.835556 -52.835556 -52.835556 -55.835556 -53.835556 -51.835556 -50.835556 -27.835556 0.164444 
12.164444 10.164444 -24.835556 -44.835556 -51.835556 -53.835556 -55.835556 -51.835556 -51.835556 -54.835556 -53.835556 -48.835556 -21.835556 0.164444 7.164444 
20.164444 13.164444 10.164444 -22.835556 -45.835556 -47.835556 -54.835556 -51.835556 -53.835556 -54.835556 -48.835556 -9.835556 2.164444 9.164444 15.164444 
61.093338 61.093338 60.093338 61.093338 61.093338 62.093338 62.093338 62.093338 62.093338 62.093338 62.093338 61.093338 60.093338 60.093338 60.093338 
61.093338 61.093338 62.093338 62.093338 62.093338 63.093338 62.093338 62.093338 62.093338 62.093338 61.093338 61.093338 61.093338 60.093338 60.093338 
61.093338 62.093338 63.093338 61.093338 62.093338 63.093338 62.093338 63.093338 62.093338 61.093338 61.093338 60.093338 60.093338 60.093338 60.093338 
62.093338 63.093338 62.093338 61.093338 62.093338 63.093338 63.093338 63.093338 62.093338 61.093338 61.093338 60.093338 60.093338 60.093338 60.093338 
63.093338 64.093338 63.093338 62.093338 62.093338 63.093338 63.093338 63.093338 63.093338 62.093338 61.093338 60.093338 60.093338 60.093338 60.093338 
24.093338 35.093338 39.093338 39.093338 39.093338 45.093338 51.093338 61.093338 64.093338 63.093338 62.093338 59.093338 54.093338 56.093338 59.093338 
-21.906662 5.093338 8.093338 3.093338 2.093338 0.093338 -9.906662 -2.906662 1.093338 1.093338 5.093338 4.093338 2.093338 2.093338 3.093338 
-35.906662 -6.906662 -5.906662 -9.906662 -15.906662 -24.906662 -45.906662 -48.906662 -44.906662 -45.906662 -45.906662 -46.906662 -49.906662 -50.906662 -46.906662 
-33.906662 -5.906662 -4.906662 -9.906662 -19.906662 -37.906662 -56.906662 -61.906662 -61.906662 -61.906662 -60.906662 -62.906662 -64.906662 -64.906662 -65.906662 
-22.906662 -0.906662 -0.906662 -8.906662 -15.906662 -43.906662 -61.906662 -65.906662 -65.906662 -66.906662 -64.906662 -65.906662 -68.906662 -67.906662 -65.906662 
-12.906662 3.093338 0.093338 -6.906662 -23.906662 -50.906662 -63.906662 -67.906662 -66.906662 -67.906662 -67.906662 -70.906662 -71.906662 -71.906662 -66.906662 
-3.906662 7.093338 3.093338 -5.906662 -20.906662 -53.906662 -65.906662 -69.906662 -68.906662 -68.906662 -69.906662 -69.906662 -69.906662 -71.906662 -68.906662 
4.093338 9.093338 4.093338 -7.906662 -24.906662 -53.906662 -64.906662 -67.906662 -67.906662 -69.906662 -70.906662 -68.906662 -69.906662 -69.906662 -66.906662 
8.093338 9.093338 6.093338 -5.906662 -30.906662 -56.906662 -65.906662 -68.906662 -70.906662 -69.906662 -69.906662 -71.906662 -68.906662 -69.906662 -68.906662 
10.093338 10.093338 6.093338 -5.906662 -35.906662 -59.906662 -64.906662 -68.906662 -71.906662 -70.906662 -68.906662 -68.906662 -68.906662 -68.906662 -68.906662 
81.111115 80.111115 80.111115 80.111115 79.111115 79.111115 79.111115 79.111115 78.111115 78.111115 77.111115 77.111115 76.111115 55.111115 -0.888885 
81.111115 80.111115 81.111115 80.111115 79.111115 79.111115 79.111115 78.111115 79.111115 77.111115 78.111115 78.111115 78.111115 74.111115 10.111115 
81.111115 81.111115 81.111115 80.111115 80.111115 79.111115 79.111115 78.111115 78.111115 78.111115 78.111115 78.111115 78.111115 78.111115 24.111115 
80.111115 81.111115 82.111115 81.111115 80.111115 79.111115 79.111115 78.111115 78.111115 78.111115 78.111115 78.111115 78.111115 78.111115 46.111115 
60.111115 67.111115 75.111115 81.111115 81.111115 81.111115 78.111115 74.111115 74.111115 76.111115 78.111115 78.111115 78.111115 78.111115 65.111115 
16.111115 1.111115 3.111115 12.111115 16.111115 20.111115 17.111115 14.111115 10.111115 8.111115 18.111115 26.111115 30.111115 32.111115 19.111115 
-1.888885 -22.888885 -33.888885 -30.888885 -29.888885 -29.888885 -30.888885 -32.888885 -34.888885 -31.888885 -28.888885 -22.888885 -16.888885 -10.888885 -12.888885 
-10.888885 -34.888885 -44.888885 -42.888885 -44.888885 -43.888885 -44.888885 -45.888885 -45.888885 -46.888885 -44.888885 -38.888885 -32.888885 -23.888885 -22.888885 
-13.888885 -39.888885 -46.888885 -47.888885 -48.888885 -48.888885 -46.888885 -49.888885 -50.888885 -48.888885 -45.888885 -43.888885 -39.888885 -31.888885 -26.888885 
-20.888885 -43.888885 -48.888885 -49.888885 -49.888885 -49.888885 -51.888885 -53.888885 -53.888885 -50.888885 -47.888885 -46.888885 -45.888885 -34.888885 -30.888885 
-22.888885 -45.888885 -50.888885 -51.888885 -51.888885 -51.888885 -51.888885 -51.888885 -52.888885 -51.888885 -48.888885 -50.888885 -49.888885 -43.888885 -31.888885 
-25.888885 -44.888885 -49.888885 -48.888885 -49.888885 -54.888885 -50.888885 -51.888885 -51.888885 -49.888885 -48.888885 -50.888885 -50.888885 -42.888885 -31.888885 
-30.888885 -44.888885 -49.888885 -52.888885 -51.888885 -51.888885 -52.888885 -51.888885 -51.888885 -50.888885 -50.888885 -47.888885 -51.888885 -44.888885 -36.888885 
-34.888885 -44.888885 -48.888885 -52.888885 -53.888885 -51.888885 -51.888885 -50.888885 -50.888885 -50.888885 -48.888885 -48.888885 -49.888885 -43.888885 -39.888885 
-37.888885 -47.888885 -48.888885 -51.888885 -51.888885 -52.888885 -49.888885 -50.888885 -51.888885 -50.888885 -47.888885 -48.888885 -50.888885 -49.888885 -43.888885 
104.791107 104.791107 104.791107 104.791107 104.791107 104.791107 104.791107 104.791107 104.791107 104.791107 104.791107 104.791107 100.791107 22.791107 -19.208893 
104.791107 104.791107 104.791107 104.791107 104.791107 104.791107 104.791107 104.791107 104.791107 104.791107 104.791107 104.791107 104.791107 50.791107 -16.208893 
94.791107 104.791107 104.791107 104.791107 104.791107 104.791107 104.791107 104.791107 104.791107 104.791107 104.791107 104.791107 104.791107 64.791107 -11.208893 
38.791107 26.791107 35.791107 71.791107 89.791107 101.791107 103.791107 104.791107 104.791107 104.791107 104.791107 104.791107 103.791107 73.791107 -12.208893 
12.791107 9.791107 -15.208893 -17.208893 -21.208893 -15.208893 -12.208893 5.791107 14.791107 16.791107 15.791107 17.791107 42.791107 8.791107 -19.208893 
-0.208893 10.791107 -22.208893 -30.208893 -36.208893 -29.208893 -27.208893 -25.208893 -21.208893 -19.208893 -15.208893 -4.208893 55.791107 -13.208893 -26.208893 
-19.208893 18.791107 -22.208893 -32.208893 -35.208893 -34.208893 -31.208893 -28.208893 -25.208893 -23.208893 -18.208893 43.791107 18.791107 -15.208893 -29.208893 
-35.208893 18.791107 -23.208893 -35.208893 -37.208893 -32.208893 -32.208893 -27.208893 -24.208893 -19.208893 -5.208893 31.791107 -31.208893 -33.208893 -36.208893 
-37.208893 -6.208893 -20.208893 -30.208893 -33.208893 -31.208893 -29.208893 -25.208893 -21.208893 -16.208893 -5.208893 -43.208893 -42.208893 -42.208893 -40.208893 
-44.208893 -42.208893 -28.208893 -32.208893 -31.208893 -29.208893 -28.208893 -27.208893 -33.208893 -47.208893 -50.208893 -45.208893 -45.208893 -43.208893 -41.208893 
-43.208893 -42.208893 -40.208893 -51.208893 -36.208893 -50.208893 -47.208893 -46.208893 -44.208893 -47.208893 -49.208893 -48.208893 -49.208893 -52.208893 -52.208893 
-47.208893 -49.208893 -48.208893 -52.208893 -43.208893 -47.208893 -51.208893 -53.208893 -45.208893 -48.208893 -50.208893 -50.208893 -50.208893 -54.208893 -52.208893 
-61.208893 -53.208893 -45.208893 -54.208893 -54.208893 -49.208893 -50.208893 -49.208893 -51.208893 -55.208893 -57.208893 -50.208893 -38.208893 -37.208893 -33.208893 
-53.208893 -53.208893 12.791107 -47.208893 -50.208893 -50.208893 -43.208893 -47.208893 -52.208893 -54.208893 -56.208893 -56.208893 -45.208893 -46.208893 -46.208893 
-56.208893 -40.208893 -1.208893 -47.208893 -52.208893 -52.208893 -49.208893 -52.208893 -56.208893 -57.208893 -56.208893 -56.208893 -56.208893 -59.208893 -59.208893 
52.693329 54.693329 54.693329 55.693329 55.693329 54.693329 54.693329 55.693329 56.693329 57.693329 56.693329 54.693329 54.693329 54.693329 51.693329 
50.693329 51.693329 52.693329 53.693329 53.693329 53.693329 52.693329 52.693329 56.693329 55.693329 53.693329 52.693329 51.693329 52.693329 50.693329 
45.693329 48.693329 49.693329 51.693329 51.693329 51.693329 51.693329 51.693329 52.693329 54.693329 51.693329 50.693329 49.693329 49.693329 47.693329 
26.693329 35.693329 45.693329 48.693329 48.693329 47.693329 48.693329 50.693329 51.693329 51.693329 49.693329 48.693329 47.693329 46.693329 43.693329 
19.693329 25.693329 34.693329 43.693329 44.693329 45.693329 46.693329 46.693329 49.693329 48.693329 47.693329 43.693329 43.693329 39.693329 29.693329 
12.693329 17.693329 22.693329 26.693329 31.693329 33.693329 40.693329 42.693329 46.693329 46.693329 41.693329 36.693329 32.693329 26.693329 17.693329 
7.693329 16.693329 13.693329 17.693329 19.693329 27.693329 31.693329 32.693329 42.693329 37.693329 29.693329 25.693329 21.693329 14.693329 10.693329 
3.693329 4.693329 8.693329 9.693329 11.693329 14.693329 21.693329 22.693329 27.693329 24.693329 22.693329 16.693329 11.693329 8.693329 4.693329 
-10.306671 -26.306671 -31.306671 -27.306671 -23.306671 -16.306671 -9.306671 -7.306671 -0.306671 3.693329 2.693329 -1.306671 -8.306671 -13.306671 -19.306671 
-4.306671 -48.306671 -58.306671 -60.306671 -59.306671 -62.306671 -62.306671 -61.306671 -60.306671 -59.306671 -60.306671 -61.306671 -60.306671 -59.306671 -59.306671 
-5.306671 -23.306671 -56.306671 -62.306671 -64.306671 -65.306671 -64.306671 -67.306671 -66.306671 -67.306671 -65.306671 -68.306671 -67.306671 -65.306671 -65.306671 
-4.306671 -5.306671 -38.306671 -62.306671 -64.306671 -65.306671 -67.306671 -68.306671 -68.306671 -69.306671 -69.306671 -69.306671 -68.306671 -67.306671 -63.306671 
-4.306671 -3.306671 -9.306671 -47.306671 -63.306671 -66.306671 -68.306671 -69.306671 -70.306671 -68.306671 -70.306671 -70.306671 -68.306671 -67.306671 -32.306671 
-5.306671 -3.306671 -7.306671 -10.306671 -49.306671 -65.306671 -68.306671 -69.306671 -70.306671 -69.306671 -71.306671 -69.306671 -65.306671 -35.306671 -11.306671 
-5.306671 -4.306671 -5.306671 -10.306671 -10.306671 -44.306671 -66.306671 -69.306671 -69.306671 -69.306671 -71.306671 -58.306671 -22.306671 -11.306671 -10.306671 
13 #numtrees
10 #numFeatures
#Tree 0
0.264624 0.801024 0.291057 0.186029 # Feature 0
0.729702 0.380712 0.006954 0.698096 # Feature 1
0.889511 0.011681 0.886344 0.176700 # Feature 2
0.639199 0.148230 0.925379 0.675694 # Feature 3
0.870053 0.275884 0.547723 0.155202 # Feature 4
0.828622 0.222978 0.112911 0.452681 # Feature 5
0.860784 0.545784 0.461250 0.856826 # Feature 6
0.909512 0.386669 0.956111 0.174136 # Feature 7
0.187693 0.247168 0.360164 0.917395 # Feature 8
0.627880 0.367118 0.615491 0.517391 # Feature 9
25 #numLeaves
0 1 0
211 2 1
219 6 10
331 2 6
335 1 0
339 2 4
347 35 47
351 9 18
371 1 2
378 1 0
379 5 7
383 2 6
459 6 11
467 6 2
475 49 81
479 3 5
507 2 2
512 1 2
516 5 9
548 7 17
560 1 1
564 2 4
582 1 1
816 2 0
820 1 3
#Tree 1
0.378799 0.501835 0.694091 0.017998 # Feature 0
0.650066 0.619470 0.693692 0.520118 # Feature 1
0.895354 0.241415 0.675320 0.723975 # Feature 2
0.464393 0.788231 0.176656 0.325177 # Feature 3
0.334016 0.637906 0.182003 0.243528 # Feature 4
0.024575 0.138114 0.417663 0.212269 # Feature 5
0.385282 0.777828 0.129663 0.013161 # Feature 6
0.144946 0.745154 0.530552 0.523745 # Feature 7
0.246990 0.224643 0.541743 0.897055 # Feature 8
0.844113 0.235435 0.417174 0.739467 # Feature 9
15 #numLeaves
0 1 0
131 87 126
135 21 44
147 14 27
151 8 11
380 1 1
554 1 0
616 4 6
620 1 3
632 1 1
643 2 3
876 7 15
888 1 2
892 3 8
1005 1 0
#Tree 2
0.476850 0.092494 0.463442 0.941243 # Feature 0
0.880725 0.640098 0.266420 0.214741 # Feature 1
0.278005 0.448423 0.458269 0.302580 # Feature 2
0.586537 0.875932 0.514849 0.971818 # Feature 3
0.653760 0.644512 0.984980 0.798706 # Feature 4
0.389667 0.515532 0.322451 0.636656 # Feature 5
0.740175 0.864194 0.533712 0.584288 # Feature 6
0.099629 0.950885 0.323755 0.576479 # Feature 7
0.043379 0.787197 0.517722 0.924104 # Feature 8
0.427295 0.784142 0.138845 0.705300 # Feature 9
39 #numLeaves
0 1 0
114 1 0
160 1 1
226 1 1
269 2 3
333 1 2
384 4 9
388 1 1
396 2 3
397 4 7
416 1 3
429 1 1
498 1 2
515 1 2
517 1 0
518 2 3
522 1 3
525 1 0
526 3 2
529 1 0
530 11 10
534 11 24
538 4 3
540 3 2
542 9 8
562 6 14
566 3 14
594 14 12
598 13 17
599 1 0
602 2 2
604 3 0
606 5 4
626 27 48
627 3 8
630 4 11
690 1 1
722 1 0
754 1 1
#Tree 3
0.232565 0.597113 0.007880 0.819102 # Feature 0
0.473045 0.522729 0.790920 0.126805 # Feature 1
0.167241 0.775899 0.925511 0.556908 # Feature 2
0.291431 0.247962 0.193564 0.031606 # Feature 3
0.112157 0.727276 0.615894 0.211786 # Feature 4
0.678161 0.939649 0.788265 0.721540 # Feature 5
0.726846 0.305987 0.645644 0.154141 # Feature 6
0.090130 0.784489 0.859441 0.322695 # Feature 7
0.381603 0.867321 0.141796 0.854648 # Feature 8
0.390050 0.932716 0.981453 0.557291 # Feature 9
62 #numLeaves
0 12 32
1 1 0
4 1 2
16 4 11
20 1 1
64 4 5
72 2 2
82 1 1
128 12 17
129 6 3
131 2 2
132 2 3
136 1 1
144 4 6
145 4 2
148 2 2
152 1 1
189 1 0
191 1 0
192 2 7
193 2 0
194 1 0
195 1 0
201 1 0
208 1 1
209 1 0
211 2 0
216 1 1
280 1 0
300 1 1
364 4 10
429 4 3
443 1 0
445 1 2
447 1 2
493 2 6
512 16 34
513 1 1
514 2 8
515 1 1
528 3 7
576 5 7
577 1 0
578 1 1
592 1 2
594 1 0
640 9 13
641 2 2
643 1 0
656 2 3
657 1 1
704 2 5
705 3 3
707 2 1
713 1 0
720 1 1
721 2 1
723 1 0
840 1 1
959 1 0
997 1 1
1005 2 1
#Tree 4
0.708616 0.906964 0.114199 0.000047 # Feature 0
0.154927 0.307763 0.031653 0.267083 # Feature 1
0.035039 0.647548 0.478869 0.713200 # Feature 2
0.587197 0.267134 0.434740 0.314043 # Feature 3
0.573122 0.080384 0.468185 0.663252 # Feature 4
0.864873 0.327626 0.985946 0.246476 # Feature 5
0.194948 0.127743 0.101124 0.584998 # Feature 6
0.060459 0.082577 0.142289 0.769074 # Feature 7
0.989541 0.256489 0.769121 0.144468 # Feature 8
0.564252 0.800775 0.411551 0.599291 # Feature 9
36 #numLeaves
0 1 0
44 2 3
60 2 2
108 1 1
172 9 19
188 9 20
236 15 28
237 1 5
252 8 18
253 1 3
300 3 5
316 1 5
380 2 3
424 1 0
428 18 20
430 1 0
440 1 0
444 15 15
488 3 0
492 22 36
494 1 3
508 13 15
509 1 2
510 1 1
515 2 3
531 2 3
594 1 2
643 1 0
771 1 2
784 3 4
786 2 5
787 4 4
850 2 5
912 1 2
914 1 1
1016 1 0
#Tree 5
0.448322 0.890420 0.312491 0.035519 # Feature 0
0.157555 0.747231 0.349562 0.730677 # Feature 1
0.827615 0.817747 0.393928 0.692488 # Feature 2
0.145373 0.379874 0.938963 0.340321 # Feature 3
0.507617 0.040087 0.925318 0.568076 # Feature 4
0.122664 0.067608 0.337150 0.112205 # Feature 5
0.324096 0.106272 0.256673 0.888348 # Feature 6
0.907046 0.668225 0.487639 0.355369 # Feature 7
0.558645 0.800129 0.390888 0.716199 # Feature 8
0.547360 0.740451 0.446876 0.374975 # Feature 9
33 #numLeaves
0 1 0
40 8 23
56 1 2
104 17 22
168 2 2
232 6 4
296 18 41
312 3 9
360 25 35
376 2 6
424 10 16
426 1 6
440 2 4
442 1 4
488 27 17
490 5 4
504 2 6
506 2 4
517 1 7
533 5 6
535 1 1
576 1 2
581 1 2
597 1 4
629 1 1
647 1 2
663 1 3
709 1 1
711 2 1
832 1 1
849 1 0
903 1 3
919 1 2
#Tree 6
0.558198 0.840804 0.067462 0.703571 # Feature 0
0.220679 0.006426 0.043891 0.728296 # Feature 1
0.046513 0.969210 0.296372 0.169177 # Feature 2
0.036818 0.633522 0.281382 0.360914 # Feature 3
0.739794 0.538055 0.249262 0.646840 # Feature 4
0.206280 0.736901 0.002209 0.764925 # Feature 5
0.537030 0.393097 0.481124 0.084390 # Feature 6
0.133548 0.928000 0.459365 0.691745 # Feature 7
0.768804 0.526827 0.395316 0.989483 # Feature 8
0.533253 0.439207 0.717779 0.579765 # Feature 9
34 #numLeaves
0 1 0
43 1 0
51 1 0
186 1 1
200 8 14
203 1 0
259 4 13
261 11 3
263 16 16
269 1 0
275 2 13
277 8 6
279 3 8
291 13 33
292 1 0
293 7 4
295 39 60
299 1 3
303 5 3
307 4 18
309 2 0
311 10 10
660 1 0
684 1 0
712 2 4
728 1 3
732 1 4
748 1 1
756 1 1
764 1 1
773 1 0
791 1 1
805 1 0
821 1 0
#Tree 7
0.408417 0.014150 0.748942 0.445235 # Feature 0
0.647672 0.030324 0.806149 0.387466 # Feature 1
0.568379 0.055411 0.034307 0.774659 # Feature 2
0.792311 0.036516 0.539584 0.329342 # Feature 3
0.429613 0.020708 0.413732 0.563161 # Feature 4
0.948708 0.873097 0.254906 0.717512 # Feature 5
0.399924 0.650222 0.706995 0.933176 # Feature 6
0.089430 0.424774 0.512941 0.497847 # Feature 7
0.438924 0.261883 0.943081 0.086596 # Feature 8
0.292207 0.749230 0.474063 0.860587 # Feature 9
60 #numLeaves
0 3 3
2 6 14
6 1 3
11 3 7
16 2 5
20 1 0
22 1 0
80 1 2
96 1 0
179 1 1
233 1 2
249 2 1
395 1 1
425 1 0
691 1 1
697 1 1
699 1 2
745 1 1
747 1 1
761 1 0
763 1 0
772 1 0
774 1 0
935 1 1
936 1 1
937 3 3
939 1 5
941 2 2
943 5 16
945 1 0
946 1 1
947 3 2
949 1 0
951 2 2
953 1 1
955 4 4
957 2 1
959 3 4
993 1 1
995 1 1
997 2 3
999 4 1
1001 12 26
1003 3 4
1005 11 28
1007 5 16
1009 2 2
1010 1 0
1011 2 2
1012 1 6
1013 6 9
1014 1 4
1015 12 8
1016 1 2
1017 3 4
1019 2 3
1020 1 2
1021 8 10
1022 1 1
1023 8 9
#Tree 8
0.804641 0.508369 0.635246 0.596952 # Feature 0
0.544885 0.174830 0.926294 0.974499 # Feature 1
0.195538 0.340026 0.537660 0.144246 # Feature 2
0.213122 0.792566 0.861759 0.613046 # Feature 3
0.442789 0.568754 0.546222 0.532218 # Feature 4
0.993528 0.059163 0.030065 0.432452 # Feature 5
0.321047 0.973147 0.519048 0.613254 # Feature 6
0.722377 0.993110 0.473841 0.527017 # Feature 7
0.501480 0.109087 0.123969 0.046365 # Feature 8
0.283917 0.050263 0.020864 0.479455 # Feature 9
66 #numLeaves
0 1 0
100 1 0
126 1 1
128 1 2
130 3 4
164 1 2
166 1 4
192 1 4
194 1 2
224 1 2
236 1 4
238 2 3
273 1 4
331 1 0
337 1 2
345 1 1
347 1 0
349 1 1
448 2 2
605 2 0
606 1 2
637 1 0
768 1 1
769 7 11
771 3 8
777 1 3
779 1 0
785 13 28
787 9 32
789 1 1
793 1 2
795 3 5
797 2 2
799 3 4
800 1 0
801 1 2
803 1 3
809 1 0
817 1 2
821 1 1
825 1 1
829 1 0
832 1 1
833 2 3
835 3 3
841 1 0
843 1 0
845 1 0
847 1 0
849 8 10
851 15 17
853 1 1
857 6 10
859 12 14
861 3 3
863 5 2
865 1 3
867 1 2
873 1 2
877 1 0
881 1 2
889 2 2
893 1 1
895 1 1
913 2 2
915 2 3
#Tree 9
0.390289 0.558524 0.623701 0.603411 # Feature 0
0.351090 0.485460 0.216457 0.793878 # Feature 1
0.054214 0.762679 0.326097 0.047742 # Feature 2
0.821842 0.356162 0.480193 0.142889 # Feature 3
0.329309 0.999241 0.756143 0.051685 # Feature 4
0.992352 0.229984 0.578702 0.493831 # Feature 5
0.339071 0.702672 0.540197 0.622988 # Feature 6
0.752935 0.561060 0.102443 0.143224 # Feature 7
0.119584 0.726144 0.746635 0.470674 # Feature 8
0.211604 0.963092 0.264553 0.265818 # Feature 9
34 #numLeaves
0 1 0
16 1 2
18 1 3
167 1 4
229 3 8
231 4 6
239 2 6
245 1 1
253 1 2
255 4 4
256 2 2
272 2 11
276 1 2
280 1 1
320 2 2
420 1 0
423 1 3
487 1 2
530 8 7
538 6 21
600 1 1
675 1 0
768 19 22
770 2 3
772 1 1
776 2 4
784 52 81
786 5 6
788 6 3
792 10 19
794 5 5
832 2 2
848 2 5
856 1 2
#Tree 10
0.725771 0.590649 0.313560 0.547613 # Feature 0
0.946811 0.793753 0.690502 0.276120 # Feature 1
0.792995 0.446645 0.327805 0.785346 # Feature 2
0.676628 0.906507 0.279178 0.015699 # Feature 3
0.609179 0.819374 0.638687 0.362115 # Feature 4
0.380434 0.741130 0.505339 0.500019 # Feature 5
0.467274 0.251974 0.970693 0.678878 # Feature 6
0.215066 0.235245 0.944697 0.940837 # Feature 7
0.825895 0.258257 0.488450 0.772706 # Feature 8
0.052010 0.178952 0.048826 0.845005 # Feature 9
18 #numLeaves
0 1 0
15 7 7
30 1 1
31 2 5
76 1 1
108 1 2
142 2 6
143 105 146
158 1 0
159 1 3
352 3 6
364 1 1
368 3 7
527 2 1
654 1 3
655 10 38
880 10 21
882 1 0
#Tree 11
0.625596 0.376631 0.630351 0.302225 # Feature 0
0.283138 0.909529 0.317924 0.892318 # Feature 1
0.728903 0.956611 0.254432 0.109337 # Feature 2
0.697741 0.759771 0.609356 0.165015 # Feature 3
0.011745 0.580048 0.843894 0.226811 # Feature 4
0.815294 0.788590 0.167648 0.641188 # Feature 5
0.046847 0.656098 0.413894 0.098858 # Feature 6
0.835050 0.462720 0.943863 0.460646 # Feature 7
0.839351 0.574214 0.762871 0.122489 # Feature 8
0.483742 0.080795 0.014807 0.212645 # Feature 9
35 #numLeaves
0 1 3
1 6 13
4 8 12
5 25 38
16 1 0
17 5 8
20 1 1
21 3 7
219 2 1
234 1 1
256 2 9
257 8 25
260 12 10
261 36 52
272 1 1
273 5 7
276 4 3
277 6 7
475 1 0
517 2 3
622 2 1
730 1 1
731 1 1
735 1 1
746 2 4
748 1 0
750 2 8
751 2 2
762 1 4
766 2 5
769 1 1
772 1 2
773 4 2
789 1 2
986 1 0
#Tree 12
0.037406 0.269239 0.321982 0.735147 # Feature 0
0.029011 0.931338 0.900163 0.040756 # Feature 1
0.511386 0.744056 0.267567 0.326680 # Feature 2
0.532647 0.435216 0.967868 0.579494 # Feature 3
0.091314 0.381762 0.678351 0.926364 # Feature 4
0.844482 0.622214 0.387011 0.683833 # Feature 5
0.196428 0.149882 0.806322 0.680170 # Feature 6
0.230677 0.821129 0.892815 0.268084 # Feature 7
0.090368 0.214797 0.003231 0.119379 # Feature 8
0.146135 0.903394 0.160135 0.657522 # Feature 9
34 #numLeaves
0 1 0
104 1 0
106 2 1
107 1 2
122 1 2
123 1 0
358 1 3
388 3 3
389 2 3
390 2 8
391 4 11
405 3 4
407 1 1
452 2 1
454 1 3
486 1 4
538 1 0
539 1 0
569 1 5
570 1 1
571 1 1
574 1 0
585 1 0
601 1 0
616 14 28
617 15 19
618 25 21
619 13 10
632 3 31
633 14 38
634 21 29
635 11 15
638 1 0
875 1 0
