#Tld ModelExport
47 #width
51 #height
231.162033 #min_var
2 #Positive Sample Size
32.164444 34.164444 32.164444 32.164444 29.164444 29.164444 21.164444 17.164444 16.164444 19.164444 23.164444 27.164444 26.164444 28.164444 28.164444 
32.164444 33.164444 27.164444 20.164444 14.164444 16.164444 14.164444 10.164444 8.164444 5.164444 8.164444 19.164444 25.164444 28.164444 28.164444 
26.164444 21.164444 16.164444 13.164444 15.164444 10.164444 6.164444 4.164444 1.164444 -4.835556 -3.835556 2.164444 21.164444 25.164444 25.164444 
21.164444 17.164444 9.164444 8.164444 6.164444 4.164444 -1.835556 -3.835556 -8.835556 -9.835556 -10.835556 -9.835556 1.164444 21.164444 28.164444 
17.164444 10.164444 2.164444 -0.835556 -5.835556 -7.835556 -7.835556 -11.835556 -10.835556 -12.835556 -14.835556 -17.835556 -7.835556 13.164444 27.164444 
13.164444 1.164444 -2.835556 -6.835556 -11.835556 -11.835556 -14.835556 -17.835556 -16.835556 -17.835556 -18.835556 -17.835556 -12.835556 4.164444 27.164444 
12.164444 -4.835556 -11.835556 -13.835556 -15.835556 -17.835556 -18.835556 -20.835556 -21.835556 -21.835556 -17.835556 -19.835556 -13.835556 5.164444 28.164444 
13.164444 -7.835556 -15.835556 -16.835556 -21.835556 -19.835556 -19.835556 -22.835556 -23.835556 -22.835556 -24.835556 -20.835556 -13.835556 2.164444 27.164444 
17.164444 -4.835556 -20.835556 -21.835556 -23.835556 -24.835556 -26.835556 -26.835556 -25.835556 -24.835556 -23.835556 -23.835556 -9.835556 7.164444 26.164444 
22.164444 4.164444 -21.835556 -22.835556 -25.835556 -26.835556 -27.835556 -24.835556 -26.835556 -27.835556 -26.835556 -23.835556 -8.835556 10.164444 27.164444 
28.164444 16.164444 -3.835556 -22.835556 -24.835556 -27.835556 -29.835556 -29.835556 -28.835556 -28.835556 -26.835556 -19.835556 -4.835556 18.164444 26.164444 
30.164444 32.164444 24.164444 0.164444 -23.835556 -30.835556 -29.835556 -27.835556 -31.835556 -28.835556 -26.835556 -19.835556 0.164444 23.164444 27.164444 
31.164444 28.164444 27.164444 24.164444 4.164444 -24.835556 -30.835556 -29.835556 -29.835556 -30.835556 -29.835556 -16.835556 5.164444 26.164444 32.164444 
28.164444 25.164444 25.164444 25.164444 25.164444 10.164444 -22.835556 -33.835556 -36.835556 -35.835556 -26.835556 -9.835556 13.164444 25.164444 30.164444 
29.164444 27.164444 27.164444 29.164444 25.164444 26.164444 17.164444 -10.835556 -31.835556 -32.835556 -23.835556 -1.835556 24.164444 28.164444 31.164444 
60.635555 55.635555 55.635555 62.635555 54.635555 44.635555 40.635555 31.635555 27.635555 15.635555 5.635556 -5.364444 -18.364445 -12.364445 -36.364445 
49.635555 48.635555 46.635555 44.635555 48.635555 35.635555 31.635555 25.635555 17.635555 7.635556 -2.364444 -11.364445 -21.364445 -12.364445 -33.364445 
36.635555 37.635555 37.635555 32.635555 30.635555 30.635555 18.635555 8.635555 -1.364444 -9.364445 -14.364445 -18.364445 -24.364445 -18.364445 -28.364445 
25.635555 28.635555 26.635555 23.635555 17.635555 10.635555 -4.364444 -21.364445 -28.364445 -31.364445 -28.364445 -24.364445 -25.364445 -20.364445 -1.364444 
12.635555 12.635555 11.635555 11.635555 5.635556 -11.364445 -25.364445 -36.364445 -35.364445 -38.364445 -34.364445 -29.364445 -31.364445 -17.364445 33.635555 
0.635556 -1.364444 -2.364444 -2.364444 -11.364445 -24.364445 -37.364445 -36.364445 -41.364445 -40.364445 -33.364445 -31.364445 -29.364445 -14.364445 38.635555 
-13.364445 -10.364445 -15.364445 -18.364445 -24.364445 -33.364445 -36.364445 -40.364445 -40.364445 -40.364445 -33.364445 -33.364445 -31.364445 -1.364444 41.635555 
-22.364445 -21.364445 -24.364445 -22.364445 -30.364445 -35.364445 -38.364445 -39.364445 -40.364445 -37.364445 -35.364445 -34.364445 -31.364445 10.635555 44.635555 
-6.364444 -32.364445 -33.364445 -30.364445 -33.364445 -36.364445 -36.364445 -37.364445 -38.364445 -37.364445 -34.364445 -36.364445 -26.364445 24.635555 42.635555 
48.635555 18.635555 -29.364445 -34.364445 -35.364445 -33.364445 -36.364445 -36.364445 -36.364445 -32.364445 -29.364445 -33.364445 -10.364445 39.635555 42.635555 
48.635555 49.635555 42.635555 -2.364444 -29.364445 -36.364445 -38.364445 -33.364445 -34.364445 -33.364445 -34.364445 -36.364445 5.635556 41.635555 38.635555 
46.635555 52.635555 49.635555 46.635555 21.635555 -29.364445 -38.364445 -40.364445 -41.364445 -46.364445 -51.364445 -24.364445 27.635555 43.635555 39.635555 
41.635555 47.635555 47.635555 48.635555 49.635555 26.635555 -31.364445 -46.364445 -52.364445 -41.364445 -54.364445 -22.364445 44.635555 45.635555 46.635555 
48.635555 47.635555 47.635555 45.635555 44.635555 46.635555 39.635555 18.635555 -51.364445 -41.364445 -33.364445 -14.364445 42.635555 46.635555 43.635555 
49.635555 45.635555 48.635555 45.635555 43.635555 46.635555 45.635555 49.635555 6.635556 -46.364445 -24.364445 19.635555 44.635555 44.635555 43.635555 
25 #Negative Sample Size
-25.804445 -17.804445 -8.804444 2.195555 12.195556 24.195555 35.195557 41.195557 49.195557 54.195557 59.195557 60.195557 61.195557 62.195557 60.195557 
-28.804445 -22.804445 -15.804444 -5.804444 4.195556 16.195555 29.195555 37.195557 47.195557 52.195557 57.195557 59.195557 61.195557 64.195557 60.195557 
-31.804445 -28.804445 -19.804445 -10.804444 -1.804444 8.195556 20.195555 32.195557 41.195557 50.195557 54.195557 56.195557 60.195557 61.195557 59.195557 
-37.804443 -30.804445 -24.804445 -17.804445 -7.804444 3.195555 14.195556 24.195555 34.195557 44.195557 54.195557 58.195557 63.195557 62.195557 59.195557 
-40.804443 -35.804443 -29.804445 -22.804445 -15.804444 -5.804444 4.195556 14.195556 27.195555 36.195557 45.195557 53.195557 58.195557 59.195557 59.195557 
-42.804443 -38.804443 -34.804443 -26.804445 -19.804445 -10.804444 0.195556 9.195556 21.195555 32.195557 43.195557 47.195557 53.195557 59.195557 57.195557 
-44.804443 -42.804443 -36.804443 -30.804445 -26.804445 -18.804445 -8.804444 2.195555 13.195556 23.195555 33.195557 44.195557 53.195557 58.195557 59.195557 
-46.804443 -43.804443 -39.804443 -34.804443 -29.804445 -23.804445 -15.804444 -5.804444 5.195556 17.195555 29.195555 41.195557 45.195557 58.195557 60.195557 
-48.804443 -46.804443 -44.804443 -39.804443 -33.804443 -26.804445 -19.804445 -9.804444 -0.804444 8.195556 20.195555 32.195557 43.195557 46.195557 55.195557 
-48.804443 -48.804443 -45.804443 -42.804443 -36.804443 -30.804445 -24.804445 -18.804445 -9.804444 1.195556 11.195556 23.195555 32.195557 40.195557 49.195557 
-50.804443 -50.804443 -48.804443 -43.804443 -41.804443 -34.804443 -29.804445 -22.804445 -14.804444 -6.804444 3.195555 13.195556 27.195555 38.195557 46.195557 
-50.804443 -50.804443 -47.804443 -45.804443 -42.804443 -37.804443 -33.804443 -27.804445 -20.804445 -11.804444 -3.804445 4.195556 16.195555 29.195555 39.195557 
-51.804443 -51.804443 -48.804443 -46.804443 -44.804443 -41.804443 -38.804443 -31.804445 -25.804445 -18.804445 -10.804444 -2.804445 8.195556 18.195555 29.195555 
-51.804443 -49.804443 -50.804443 -48.804443 -46.804443 -44.804443 -41.804443 -36.804443 -30.804445 -23.804445 -17.804445 -8.804444 -0.804444 10.195556 19.195555 
-51.804443 -50.804443 -50.804443 -49.804443 -47.804443 -45.804443 -41.804443 -37.804443 -35.804443 -29.804445 -23.804445 -15.804444 -7.804444 1.195556 10.195556 
50.973331 51.973331 48.973331 40.973331 -17.026667 -39.026669 -38.026669 -43.026669 -44.026669 -34.026669 -44.026669 -43.026669 -40.026669 -37.026669 2.973333 
49.973331 47.973331 44.973331 41.973331 3.973333 -37.026669 -41.026669 -43.026669 -43.026669 -35.026669 -46.026669 -45.026669 -44.026669 -39.026669 -19.026667 
45.973331 48.973331 51.973331 51.973331 21.973333 -37.026669 -42.026669 -43.026669 -44.026669 -41.026669 -42.026669 -45.026669 -44.026669 -39.026669 -26.026667 
51.973331 48.973331 51.973331 52.973331 37.973331 -31.026667 -42.026669 -42.026669 -44.026669 -44.026669 -34.026669 -39.026669 -39.026669 -34.026669 -34.026669 
50.973331 54.973331 53.973331 56.973331 50.973331 -14.026667 -38.026669 -37.026669 -42.026669 -41.026669 -35.026669 -42.026669 -42.026669 -40.026669 -37.026669 
48.973331 56.973331 57.973331 61.973331 56.973331 12.973333 -31.026667 -36.026669 -41.026669 -45.026669 -40.026669 -46.026669 -43.026669 -41.026669 -35.026669 
47.973331 58.973331 59.973331 59.973331 59.973331 32.973331 -34.026669 -41.026669 -44.026669 -44.026669 -41.026669 -38.026669 -44.026669 -41.026669 -40.026669 
53.973331 65.973335 65.973335 68.973335 64.973335 45.973331 -29.026667 -42.026669 -44.026669 -43.026669 -44.026669 -35.026669 -44.026669 -41.026669 -39.026669 
55.973331 66.973335 65.973335 66.973335 64.973335 54.973331 -15.026667 -40.026669 -40.026669 -43.026669 -44.026669 -35.026669 -39.026669 -36.026669 -37.026669 
61.973331 59.973331 66.973335 65.973335 61.973331 62.973331 10.973333 -36.026669 -37.026669 -39.026669 -37.026669 -36.026669 -37.026669 -39.026669 -39.026669 
63.973331 54.973331 61.973331 61.973331 64.973335 58.973331 32.973331 -29.026667 -36.026669 -41.026669 -41.026669 -40.026669 -34.026669 -41.026669 -41.026669 
66.973335 56.973331 61.973331 57.973331 57.973331 57.973331 48.973331 -24.026667 -36.026669 -41.026669 -42.026669 -42.026669 -31.026667 -41.026669 -40.026669 
57.973331 56.973331 59.973331 61.973331 64.973335 59.973331 57.973331 -7.026667 -37.026669 -40.026669 -43.026669 -40.026669 -35.026669 -37.026669 -40.026669 
65.973335 60.973331 59.973331 61.973331 63.973331 62.973331 60.973331 20.973333 -34.026669 -38.026669 -42.026669 -43.026669 -39.026669 -34.026669 -37.026669 
71.973335 63.973331 57.973331 65.973335 64.973335 64.973335 62.973331 42.973331 -32.026669 -37.026669 -40.026669 -39.026669 -40.026669 -31.026667 -39.026669 
19.408890 20.408890 18.408890 16.408890 14.408889 16.408890 12.408889 9.408889 5.408889 1.408889 -0.591111 -4.591111 5.408889 19.408890 31.408890 
20.408890 21.408890 19.408890 15.408889 6.408889 3.408889 0.408889 -5.591111 -10.591111 -12.591111 -14.591111 -20.591110 -21.591110 -3.591111 14.408889 
19.408890 13.408889 5.408889 2.408889 -6.591111 -8.591111 -11.591111 -19.591110 -24.591110 -28.591110 -30.591110 -30.591110 -31.591110 -26.591110 -10.591111 
1.408889 -5.591111 -10.591111 -13.591111 -20.591110 -23.591110 -23.591110 -27.591110 -35.591110 -34.591110 -35.591110 -35.591110 -34.591110 -32.591110 -28.591110 
-14.591111 -19.591110 -25.591110 -27.591110 -31.591110 -33.591110 -34.591110 -34.591110 -36.591110 -36.591110 -37.591110 -36.591110 -31.591110 -26.591110 -18.591110 
-24.591110 -32.591110 -34.591110 -35.591110 -33.591110 -37.591110 -38.591110 -37.591110 -32.591110 -30.591110 -30.591110 -23.591110 -18.591110 -10.591111 -5.591111 
-30.591110 -36.591110 -38.591110 -40.591110 -39.591110 -39.591110 -36.591110 -33.591110 -26.591110 -19.591110 -20.591110 -8.591111 -1.591111 8.408889 13.408889 
-38.591110 -36.591110 -37.591110 -37.591110 -33.591110 -28.591110 -21.591110 -18.591110 -11.591111 -4.591111 1.408889 4.408889 14.408889 23.408890 26.408890 
-37.591110 -35.591110 -26.591110 -23.591110 -20.591110 -13.591111 -3.591111 1.408889 6.408889 13.408889 19.408890 23.408890 14.408889 30.408890 35.408890 
-24.591110 -15.591111 -12.591111 -8.591111 -4.591111 2.408889 12.408889 18.408890 23.408890 25.408890 26.408890 26.408890 26.408890 23.408890 28.408890 
-9.591111 -1.591111 5.408889 7.408889 9.408889 13.408889 21.408890 22.408890 24.408890 27.408890 29.408890 26.408890 31.408890 27.408890 21.408890 
6.408889 11.408889 13.408889 17.408890 15.408889 13.408889 17.408890 21.408890 26.408890 27.408890 26.408890 27.408890 27.408890 36.408890 27.408890 
14.408889 16.408890 18.408890 18.408890 22.408890 22.408890 19.408890 19.408890 25.408890 25.408890 27.408890 29.408890 27.408890 31.408890 30.408890 
15.408889 19.408890 21.408890 20.408890 21.408890 23.408890 26.408890 21.408890 21.408890 26.408890 29.408890 26.408890 31.408890 29.408890 30.408890 
8.408889 18.408890 21.408890 21.408890 23.408890 23.408890 24.408890 26.408890 24.408890 24.408890 26.408890 28.408890 29.408890 30.408890 30.408890 
16.506666 25.506666 88.506668 130.506668 133.506668 133.506668 131.506668 130.506668 131.506668 132.506668 127.506668 105.506668 43.506668 -2.493333 -33.493332 
9.506667 6.506667 18.506666 93.506668 131.506668 132.506668 133.506668 129.506668 125.506668 126.506668 119.506668 66.506668 11.506667 -28.493334 -43.493332 
3.506667 1.506667 3.506667 20.506666 101.506668 131.506668 130.506668 132.506668 128.506668 118.506668 82.506668 26.506666 -18.493334 -42.493332 -49.493332 
2.506667 -0.493333 2.506667 6.506667 27.506666 89.506668 130.506668 133.506668 126.506668 94.506668 35.506668 -11.493333 -39.493332 -46.493332 -51.493332 
6.506667 7.506667 -0.493333 1.506667 0.506667 20.506666 87.506668 122.506668 105.506668 50.506668 0.506667 -34.493332 -46.493332 -51.493332 -51.493332 
3.506667 3.506667 1.506667 -5.493333 -2.493333 -2.493333 16.506666 73.506668 55.506668 8.506667 -29.493334 -44.493332 -49.493332 -51.493332 -53.493332 
-0.493333 -1.493333 -1.493333 -0.493333 -6.493333 -6.493333 -6.493333 -5.493333 -3.493333 -25.493334 -42.493332 -48.493332 -51.493332 -52.493332 -51.493332 
0.506667 -1.493333 -4.493333 -2.493333 -2.493333 -9.493333 -19.493334 -28.493334 -36.493332 -44.493332 -47.493332 -50.493332 -52.493332 -52.493332 -51.493332 
13.506667 -2.493333 -5.493333 -9.493333 -4.493333 -16.493334 -29.493334 -40.493332 -46.493332 -49.493332 -50.493332 -53.493332 -52.493332 -51.493332 -51.493332 
80.506668 3.506667 -4.493333 -7.493333 -15.493333 -29.493334 -39.493332 -46.493332 -48.493332 -50.493332 -52.493332 -51.493332 -51.493332 -51.493332 -50.493332 
111.506668 67.506668 2.506667 -14.493333 -27.493334 -38.493332 -46.493332 -49.493332 -51.493332 -52.493332 -52.493332 -51.493332 -51.493332 -50.493332 -49.493332 
118.506668 102.506668 36.506668 -23.493334 -38.493332 -46.493332 -49.493332 -51.493332 -52.493332 -51.493332 -51.493332 -51.493332 -51.493332 -49.493332 -49.493332 
111.506668 79.506668 25.506666 -25.493334 -46.493332 -51.493332 -52.493332 -52.493332 -52.493332 -53.493332 -52.493332 -50.493332 -48.493332 -49.493332 -48.493332 
80.506668 31.506666 -11.493333 -37.493332 -49.493332 -52.493332 -53.493332 -53.493332 -53.493332 -52.493332 -50.493332 -50.493332 -50.493332 -49.493332 -48.493332 
23.506666 -12.493333 -37.493332 -47.493332 -51.493332 -52.493332 -53.493332 -53.493332 -53.493332 -51.493332 -50.493332 -48.493332 -47.493332 -50.493332 -46.493332 
22.097778 28.097778 30.097778 29.097778 24.097778 30.097778 34.097778 31.097778 31.097778 33.097778 35.097778 35.097778 35.097778 27.097778 35.097778 
26.097778 27.097778 28.097778 31.097778 30.097778 30.097778 33.097778 28.097778 31.097778 27.097778 33.097778 32.097778 35.097778 34.097778 36.097778 
27.097778 30.097778 35.097778 33.097778 35.097778 25.097778 29.097778 25.097778 28.097778 27.097778 30.097778 36.097778 39.097778 34.097778 33.097778 
32.097778 26.097778 34.097778 31.097778 26.097778 21.097778 26.097778 31.097778 31.097778 33.097778 32.097778 39.097778 34.097778 33.097778 27.097778 
32.097778 26.097778 26.097778 25.097778 28.097778 24.097778 29.097778 33.097778 35.097778 33.097778 30.097778 35.097778 18.097778 2.097778 -10.902223 
29.097778 26.097778 29.097778 27.097778 29.097778 28.097778 33.097778 38.097778 28.097778 16.097778 1.097778 -16.902222 -28.902222 -32.902222 -32.902222 
27.097778 28.097778 24.097778 28.097778 29.097778 26.097778 12.097777 -8.902223 -22.902222 -31.902222 -31.902222 -33.902222 -36.902222 -36.902222 -33.902222 
31.097778 27.097778 21.097778 7.097778 -13.902223 -23.902222 -28.902222 -37.902222 -40.902222 -42.902222 -39.902222 -29.902222 -37.902222 -31.902222 -13.902223 
5.097778 -13.902223 -20.902222 -31.902222 -37.902222 -40.902222 -41.902222 -40.902222 -42.902222 -42.902222 -39.902222 -23.902222 3.097778 21.097778 25.097778 
-32.902222 -34.902222 -30.902222 -38.902222 -42.902222 -44.902222 -42.902222 -35.902222 -42.902222 -43.902222 -41.902222 -27.902222 25.097778 35.097778 36.097778 
-34.902222 -34.902222 -35.902222 -33.902222 -40.902222 -42.902222 -44.902222 -38.902222 -45.902222 -44.902222 -44.902222 -36.902222 15.097777 35.097778 40.097778 
-33.902222 -23.902222 -7.902222 -19.902222 -39.902222 -44.902222 -43.902222 -41.902222 -42.902222 -45.902222 -44.902222 -41.902222 -5.902222 31.097778 35.097778 
15.097777 25.097778 28.097778 6.097778 -38.902222 -43.902222 -43.902222 -46.902222 -40.902222 -43.902222 -44.902222 -40.902222 -20.902222 28.097778 35.097778 
31.097778 33.097778 33.097778 17.097778 -33.902222 -44.902222 -42.902222 -44.902222 -35.902222 -42.902222 -42.902222 -44.902222 -32.902222 16.097778 32.097778 
38.097778 39.097778 38.097778 28.097778 -23.902222 -40.902222 -43.902222 -44.902222 -38.902222 -44.902222 -43.902222 -44.902222 -41.902222 -1.902222 37.097778 
29.040001 25.040001 -4.960000 -9.960000 -19.959999 -23.959999 -25.959999 -16.959999 9.040000 7.040000 11.040000 24.040001 27.040001 29.040001 26.040001 
31.040001 25.040001 14.040000 -21.959999 -26.959999 -27.959999 -26.959999 -26.959999 -14.960000 0.040000 8.040000 23.040001 27.040001 26.040001 29.040001 
22.040001 7.040000 0.040000 -10.960000 -26.959999 -24.959999 -26.959999 -27.959999 -17.959999 5.040000 16.040001 15.040000 26.040001 28.040001 26.040001 
27.040001 13.040000 2.040000 -7.960000 -22.959999 -25.959999 -25.959999 -26.959999 -24.959999 -11.960000 -1.960000 -0.960000 8.040000 25.040001 27.040001 
25.040001 15.040000 14.040000 11.040000 -13.960000 -26.959999 -23.959999 -25.959999 -24.959999 -18.959999 -12.960000 -4.960000 4.040000 16.040001 22.040001 
27.040001 25.040001 20.040001 16.040001 0.040000 -23.959999 -24.959999 -26.959999 -26.959999 -19.959999 -8.960000 0.040000 0.040000 14.040000 20.040001 
29.040001 27.040001 19.040001 10.040000 -1.960000 -16.959999 -24.959999 -25.959999 -23.959999 -22.959999 -14.960000 -3.960000 5.040000 10.040000 18.040001 
31.040001 27.040001 17.040001 11.040000 6.040000 -9.960000 -23.959999 -24.959999 -24.959999 -27.959999 -19.959999 -7.960000 2.040000 6.040000 17.040001 
19.040001 14.040000 11.040000 4.040000 -1.960000 -12.960000 -25.959999 -24.959999 -25.959999 -27.959999 -17.959999 -5.960000 6.040000 14.040000 17.040001 
21.040001 16.040001 14.040000 10.040000 1.040000 -6.960000 -19.959999 -25.959999 -26.959999 -26.959999 -22.959999 -16.959999 -1.960000 3.040000 12.040000 
18.040001 21.040001 22.040001 8.040000 6.040000 2.040000 -8.960000 -26.959999 -28.959999 -27.959999 -27.959999 -21.959999 -3.960000 3.040000 6.040000 
28.040001 31.040001 26.040001 20.040001 15.040000 6.040000 -1.960000 -18.959999 -26.959999 -27.959999 -25.959999 -20.959999 -13.960000 0.040000 0.040000 
29.040001 26.040001 22.040001 21.040001 14.040000 12.040000 -2.960000 -17.959999 -24.959999 -24.959999 -20.959999 -16.959999 -8.960000 3.040000 10.040000 
19.040001 22.040001 26.040001 21.040001 8.040000 5.040000 -2.960000 -7.960000 -10.960000 -1.960000 7.040000 14.040000 15.040000 15.040000 11.040000 
25.040001 16.040001 6.040000 -2.960000 -5.960000 -3.960000 6.040000 13.040000 18.040001 14.040000 8.040000 1.040000 -8.960000 -11.960000 -22.959999 
1.448889 2.448889 2.448889 3.448889 3.448889 4.448889 5.448889 3.448889 4.448889 -2.551111 -13.551111 -15.551111 -16.551111 -16.551111 -16.551111 
1.448889 1.448889 3.448889 2.448889 3.448889 5.448889 4.448889 0.448889 -4.551111 -8.551111 -14.551111 -16.551111 -15.551111 -16.551111 -16.551111 
1.448889 2.448889 1.448889 3.448889 3.448889 3.448889 3.448889 -3.551111 -9.551111 -9.551111 -15.551111 -18.551111 -17.551111 -16.551111 -13.551111 
2.448889 2.448889 2.448889 2.448889 3.448889 3.448889 1.448889 -4.551111 -9.551111 -13.551111 -17.551111 -19.551111 -17.551111 -15.551111 -7.551111 
1.448889 1.448889 2.448889 1.448889 4.448889 5.448889 2.448889 -3.551111 -10.551111 -15.551111 -17.551111 -17.551111 -16.551111 -12.551111 9.448889 
1.448889 4.448889 2.448889 3.448889 2.448889 1.448889 -1.551111 -7.551111 -13.551111 -16.551111 -19.551111 -18.551111 -13.551111 -4.551111 28.448889 
2.448889 3.448889 3.448889 2.448889 4.448889 0.448889 -5.551111 -10.551111 -15.551111 -19.551111 -19.551111 -15.551111 -12.551111 34.448891 111.448891 
1.448889 1.448889 2.448889 1.448889 2.448889 -2.551111 -8.551111 -15.551111 -19.551111 -20.551111 -19.551111 -16.551111 -5.551111 50.448891 29.448889 
1.448889 2.448889 1.448889 2.448889 -2.551111 -7.551111 -13.551111 -19.551111 -17.551111 -18.551111 -17.551111 -14.551111 -4.551111 13.448889 21.448889 
-0.551111 -0.551111 2.448889 -1.551111 -7.551111 -14.551111 -17.551111 -18.551111 -19.551111 -17.551111 -16.551111 -12.551111 2.448889 18.448889 19.448889 
0.448889 2.448889 1.448889 -0.551111 -10.551111 -13.551111 -17.551111 -20.551111 -20.551111 -18.551111 -14.551111 -6.551111 9.448889 21.448889 48.448891 
1.448889 1.448889 2.448889 -2.551111 -10.551111 -14.551111 -18.551111 -20.551111 -19.551111 -17.551111 -13.551111 5.448889 54.448891 72.448891 65.448891 
1.448889 2.448889 0.448889 -5.551111 -9.551111 -17.551111 -21.551111 -20.551111 -19.551111 -17.551111 -7.551111 37.448891 67.448891 68.448891 65.448891 
2.448889 3.448889 -0.551111 -5.551111 -11.551111 -18.551111 -20.551111 -19.551111 -20.551111 -13.551111 2.448889 44.448891 62.448891 74.448891 75.448891 
0.448889 2.448889 -2.551111 -7.551111 -13.551111 -19.551111 -20.551111 -20.551111 -17.551111 -10.551111 22.448889 65.448891 69.448891 75.448891 74.448891 
10.084444 18.084444 30.084444 39.084446 44.084446 54.084446 62.084446 58.084446 53.084446 45.084446 35.084446 29.084444 17.084444 1.084444 -8.915556 
52.084446 61.084446 64.084442 62.084446 53.084446 51.084446 48.084446 38.084446 22.084444 9.084444 0.084444 -6.915555 -14.915556 -12.915556 -14.915556 
69.084442 64.084442 61.084446 51.084446 38.084446 18.084444 9.084444 -3.915555 -14.915556 -16.915556 -14.915556 -12.915556 -15.915556 -16.915556 -15.915556 
49.084446 39.084446 27.084444 7.084445 -3.915555 -13.915556 -17.915556 -18.915556 -17.915556 -19.915556 -15.915556 -13.915556 -15.915556 -18.915556 -15.915556 
8.084444 -2.915555 -12.915556 -17.915556 -17.915556 -20.915556 -19.915556 -21.915556 -18.915556 -21.915556 -20.915556 -15.915556 -13.915556 -10.915556 -3.915555 
-6.915555 -17.915556 -15.915556 -18.915556 -19.915556 -21.915556 -21.915556 -21.915556 -22.915556 -21.915556 -20.915556 -17.915556 3.084445 21.084444 39.084446 
-12.915556 -13.915556 -17.915556 -18.915556 -20.915556 -20.915556 -20.915556 -20.915556 -20.915556 -19.915556 -20.915556 -16.915556 6.084445 45.084446 58.084446 
-11.915556 -12.915556 -19.915556 -17.915556 -20.915556 -20.915556 -19.915556 -20.915556 -19.915556 -22.915556 -20.915556 -19.915556 -2.915555 38.084446 61.084446 
-12.915556 -12.915556 -16.915556 -16.915556 -16.915556 -19.915556 -18.915556 -17.915556 -20.915556 -23.915556 -22.915556 -21.915556 -14.915556 21.084444 54.084446 
1.084444 -3.915555 -9.915556 -15.915556 -18.915556 -19.915556 -19.915556 -17.915556 -17.915556 -23.915556 -23.915556 -22.915556 -19.915556 6.084445 44.084446 
46.084446 42.084446 8.084444 -14.915556 -17.915556 -16.915556 -20.915556 -21.915556 -18.915556 -23.915556 -22.915556 -23.915556 -19.915556 -9.915556 33.084446 
63.084446 60.084446 29.084444 -6.915555 -17.915556 -19.915556 -21.915556 -17.915556 -19.915556 -21.915556 -22.915556 -23.915556 -21.915556 -16.915556 7.084445 
65.084442 62.084446 48.084446 10.084444 -12.915556 -18.915556 -21.915556 -21.915556 -19.915556 -17.915556 -23.915556 -20.915556 -21.915556 -19.915556 -1.915556 
69.084442 64.084442 56.084446 26.084444 -8.915556 -14.915556 -18.915556 -19.915556 -21.915556 -19.915556 -22.915556 -22.915556 -23.915556 -21.915556 -13.915556 
63.084446 69.084442 66.084442 46.084446 4.084445 -14.915556 -16.915556 -20.915556 -20.915556 -17.915556 -16.915556 -21.915556 -22.915556 -19.915556 -19.915556 
24.115555 14.115556 7.115556 4.115556 -1.884444 -6.884444 -13.884444 -13.884444 -6.884444 -0.884444 7.115556 21.115555 28.115555 38.115555 49.115555 
25.115555 25.115555 13.115556 7.115556 -0.884444 -2.884444 -9.884444 -6.884444 -7.884444 -1.884444 10.115556 16.115555 28.115555 32.115555 42.115555 
15.115556 15.115556 10.115556 1.115556 -1.884444 -4.884444 -6.884444 -6.884444 -1.884444 1.115556 4.115556 11.115556 22.115555 37.115555 40.115555 
9.115556 9.115556 1.115556 -1.884444 -12.884444 -17.884445 -17.884445 -4.884444 -0.884444 2.115556 5.115556 10.115556 19.115555 33.115555 43.115555 
10.115556 6.115556 1.115556 -5.884444 -14.884444 -26.884445 -29.884445 -21.884445 -4.884444 5.115556 7.115556 13.115556 18.115555 29.115555 43.115555 
10.115556 9.115556 2.115556 -2.884444 -10.884444 -18.884445 -32.884445 -32.884445 -16.884445 -2.884444 10.115556 14.115556 21.115555 25.115555 39.115555 
7.115556 4.115556 1.115556 -2.884444 -10.884444 -16.884445 -25.884445 -30.884445 -26.884445 -16.884445 -5.884444 12.115556 19.115555 25.115555 34.115555 
9.115556 1.115556 -5.884444 -8.884444 -12.884444 -14.884444 -22.884445 -30.884445 -26.884445 -20.884445 -8.884444 -1.884444 16.115555 27.115555 33.115555 
14.115556 4.115556 -3.884444 -12.884444 -13.884444 -14.884444 -17.884445 -24.884445 -23.884445 -21.884445 -14.884444 -6.884444 8.115556 20.115555 31.115555 
19.115555 9.115556 -2.884444 -11.884444 -18.884445 -17.884445 -14.884444 -19.884445 -23.884445 -20.884445 -14.884444 -6.884444 1.115556 12.115556 27.115555 
23.115555 15.115556 5.115556 -7.884444 -16.884445 -17.884445 -17.884445 -16.884445 -18.884445 -12.884444 -7.884444 -5.884444 1.115556 10.115556 18.115555 
21.115555 13.115556 7.115556 -2.884444 -10.884444 -16.884445 -16.884445 -15.884444 -15.884444 -8.884444 -4.884444 -0.884444 2.115556 10.115556 17.115555 
16.115555 14.115556 6.115556 1.115556 -6.884444 -8.884444 -14.884444 -17.884445 -13.884444 -10.884444 -3.884444 2.115556 3.115556 10.115556 14.115556 
17.115555 14.115556 7.115556 2.115556 -6.884444 -16.884445 -21.884445 -24.884445 -22.884445 -19.884445 -11.884444 -5.884444 0.115556 5.115556 10.115556 
16.115555 10.115556 6.115556 0.115556 -8.884444 -18.884445 -27.884445 -34.884445 -31.884445 -24.884445 -16.884445 -10.884444 -7.884444 0.115556 5.115556 
18.511110 -13.488889 -18.488890 -23.488890 -25.488890 -25.488890 -22.488890 0.511111 32.511112 38.511112 37.511112 33.511112 32.511112 30.511110 28.511110 
43.511112 -2.488889 -19.488890 -19.488890 -18.488890 -25.488890 -23.488890 -11.488889 26.511110 33.511112 32.511112 32.511112 31.511110 31.511110 26.511110 
46.511112 13.511111 -13.488889 -21.488890 -21.488890 -25.488890 -23.488890 -20.488890 7.511111 24.511110 15.511111 18.511110 27.511110 27.511110 30.511110 
49.511112 31.511110 -7.488889 -22.488890 -22.488890 -20.488890 -22.488890 -24.488890 -15.488889 -4.488889 -9.488889 -11.488889 12.511111 30.511110 31.511110 
51.511112 41.511112 4.511111 -17.488890 -21.488890 -21.488890 -22.488890 -23.488890 -23.488890 -17.488890 -22.488890 -21.488890 -3.488889 25.511110 34.511112 
40.511112 31.511110 13.511111 -13.488889 -20.488890 -21.488890 -24.488890 -25.488890 -24.488890 -23.488890 -22.488890 -23.488890 -15.488889 16.511110 30.511110 
14.511111 -0.488889 -9.488889 -17.488890 -20.488890 -24.488890 -23.488890 -25.488890 -23.488890 -23.488890 -23.488890 -22.488890 -19.488890 7.511111 29.511110 
-3.488889 -13.488889 -18.488890 -20.488890 -20.488890 -22.488890 -22.488890 -25.488890 -25.488890 -24.488890 -23.488890 -21.488890 -21.488890 -4.488889 26.511110 
4.511111 -12.488889 -20.488890 -20.488890 -23.488890 -20.488890 -24.488890 -23.488890 -26.488890 -19.488890 -21.488890 -19.488890 -17.488890 -9.488889 15.511111 
24.511110 -6.488889 -15.488889 -19.488890 -21.488890 -23.488890 -24.488890 -23.488890 -24.488890 -22.488890 -18.488890 -4.488889 9.511111 14.511111 24.511110 
40.511112 4.511111 -16.488890 -18.488890 -19.488890 -20.488890 -22.488890 -23.488890 -22.488890 -22.488890 -19.488890 6.511111 27.511110 38.511112 38.511112 
49.511112 17.511110 -7.488889 -16.488890 -12.488889 -16.488890 -21.488890 -25.488890 -23.488890 -21.488890 -21.488890 -3.488889 30.511110 38.511112 41.511112 
50.511112 38.511112 15.511111 9.511111 16.511110 -2.488889 -18.488890 -21.488890 -23.488890 -23.488890 -21.488890 -16.488890 21.511110 40.511112 42.511112 
52.511112 47.511112 40.511112 40.511112 47.511112 30.511110 -10.488889 -18.488890 -20.488890 -21.488890 -24.488890 -19.488890 2.511111 35.511112 41.511112 
49.511112 53.511112 49.511112 49.511112 52.511112 42.511112 3.511111 -12.488889 -22.488890 -22.488890 -21.488890 -19.488890 -10.488889 29.511110 41.511112 
21.586666 8.586667 -12.413333 -20.413334 -20.413334 -21.413334 -22.413334 -11.413333 9.586667 10.586667 9.586667 14.586667 9.586667 -0.413333 -12.413333 
22.586666 19.586666 0.586667 -15.413333 -24.413334 -19.413334 -23.413334 -21.413334 -1.413333 0.586667 -2.413333 -7.413333 -13.413333 -24.413334 -27.413334 
30.586666 25.586666 19.586666 -12.413333 -20.413334 -23.413334 -21.413334 -18.413334 -17.413334 -16.413334 -19.413334 -23.413334 -26.413334 -27.413334 -28.413334 
34.586666 32.586666 28.586666 2.586667 -18.413334 -24.413334 -20.413334 -17.413334 -20.413334 -22.413334 -23.413334 -23.413334 -22.413334 -27.413334 -29.413334 
22.586666 5.586667 2.586667 -3.413333 -15.413333 -19.413334 -22.413334 -19.413334 -21.413334 -24.413334 -24.413334 -26.413334 -23.413334 -25.413334 -24.413334 
4.586667 -3.413333 -13.413333 -18.413334 -19.413334 -22.413334 -21.413334 -22.413334 -23.413334 -25.413334 -25.413334 -25.413334 -19.413334 -15.413333 -8.413333 
-15.413333 -15.413333 -19.413334 -21.413334 -21.413334 -23.413334 -24.413334 -22.413334 -22.413334 -25.413334 -14.413333 -5.413333 5.586667 17.586666 24.586666 
-16.413334 -16.413334 -21.413334 -19.413334 -24.413334 -22.413334 -22.413334 -22.413334 -23.413334 -22.413334 -7.413333 25.586666 37.586666 33.586666 33.586666 
-18.413334 -16.413334 -15.413333 -17.413334 -11.413333 -17.413334 -20.413334 -24.413334 -21.413334 -23.413334 -18.413334 21.586666 37.586666 38.586666 32.586666 
-13.413333 -6.413333 6.586667 16.586666 28.586666 23.586666 -15.413333 -22.413334 -22.413334 -23.413334 -22.413334 2.586667 33.586666 40.586666 33.586666 
18.586666 32.586666 43.586666 44.586666 49.586666 46.586666 2.586667 -20.413334 -20.413334 -24.413334 -21.413334 -12.413333 25.586666 33.586666 37.586666 
48.586666 56.586666 55.586666 50.586666 52.586666 50.586666 25.586666 -13.413333 -19.413334 -20.413334 -22.413334 -20.413334 17.586666 30.586666 25.586666 
54.586666 52.586666 54.586666 52.586666 52.586666 51.586666 43.586666 -5.413333 -21.413334 -20.413334 -23.413334 -21.413334 -12.413333 1.586667 -9.413333 
56.586666 57.586666 58.586666 55.586666 51.586666 53.586666 45.586666 15.586667 -16.413334 -22.413334 -22.413334 -21.413334 -23.413334 -18.413334 -21.413334 
56.586666 50.586666 59.586666 57.586666 48.586666 41.586666 29.586666 14.586667 -12.413333 -18.413334 -20.413334 -24.413334 -22.413334 -22.413334 -21.413334 
56.746666 51.746666 46.746666 47.746666 44.746666 41.746666 37.746666 33.746666 30.746666 25.746666 21.746666 20.746666 23.746666 17.746666 7.746666 
52.746666 48.746666 39.746666 36.746666 36.746666 33.746666 30.746666 24.746666 20.746666 15.746667 10.746667 9.746667 10.746667 10.746667 1.746667 
43.746666 37.746666 29.746666 26.746666 25.746666 21.746666 16.746666 10.746667 8.746667 3.746667 -1.253333 -4.253334 -3.253333 -2.253333 -3.253333 
32.746666 28.746666 26.746666 15.746667 9.746667 8.746667 3.746667 -0.253333 -2.253333 -6.253334 -9.253333 -14.253333 -14.253333 -9.253333 -7.253334 
20.746666 18.746666 9.746667 8.746667 4.746666 -5.253334 -8.253333 -11.253333 -13.253333 -13.253333 -15.253333 -18.253334 -17.253334 -14.253333 -9.253333 
8.746667 3.746667 -4.253334 -5.253334 -7.253334 -13.253333 -16.253334 -16.253334 -18.253334 -17.253334 -18.253334 -20.253334 -19.253334 -16.253334 -15.253333 
-2.253333 -7.253334 -11.253333 -16.253334 -16.253334 -18.253334 -19.253334 -19.253334 -18.253334 -20.253334 -19.253334 -18.253334 -19.253334 -18.253334 -15.253333 
-9.253333 -12.253333 -15.253333 -18.253334 -17.253334 -18.253334 -19.253334 -19.253334 -19.253334 -19.253334 -19.253334 -17.253334 -18.253334 -20.253334 -17.253334 
-13.253333 -18.253334 -17.253334 -16.253334 -14.253333 -18.253334 -17.253334 -18.253334 -20.253334 -19.253334 -17.253334 -21.253334 -21.253334 -20.253334 -20.253334 
-13.253333 -13.253333 -12.253333 -11.253333 -9.253333 -14.253333 -18.253334 -19.253334 -18.253334 -19.253334 -19.253334 -20.253334 -22.253334 -21.253334 -21.253334 
-8.253333 -5.253334 -2.253333 2.746667 1.746667 -3.253333 -14.253333 -17.253334 -16.253334 -19.253334 -20.253334 -20.253334 -20.253334 -19.253334 -21.253334 
1.746667 6.746666 9.746667 13.746667 14.746667 10.746667 -5.253334 -15.253333 -18.253334 -19.253334 -21.253334 -20.253334 -21.253334 -22.253334 -20.253334 
13.746667 19.746666 22.746666 25.746666 27.746666 23.746666 14.746667 -5.253334 -14.253333 -16.253334 -18.253334 -21.253334 -19.253334 -22.253334 -22.253334 
26.746666 28.746666 36.746666 36.746666 42.746666 40.746666 35.746666 9.746667 -11.253333 -19.253334 -19.253334 -19.253334 -19.253334 -20.253334 -20.253334 
38.746666 43.746666 42.746666 50.746666 50.746666 51.746666 48.746666 30.746666 0.746667 -14.253333 -17.253334 -19.253334 -21.253334 -21.253334 -21.253334 
14.560000 12.560000 13.560000 8.560000 5.560000 -2.440000 -1.440000 3.560000 8.560000 14.560000 13.560000 -1.440000 -8.440000 -7.440000 -13.440000 
7.560000 12.560000 12.560000 3.560000 -4.440000 -7.440000 0.560000 0.560000 -3.440000 -6.440000 -6.440000 -9.440000 -13.440000 -13.440000 -14.440000 
11.560000 4.560000 -6.440000 -7.440000 -7.440000 -8.440000 -4.440000 -6.440000 -7.440000 -9.440000 -13.440000 -11.440000 -13.440000 -10.440000 -4.440000 
12.560000 2.560000 -4.440000 -4.440000 -5.440000 -7.440000 -10.440000 -13.440000 -11.440000 -9.440000 -8.440000 -5.440000 5.560000 6.560000 -7.440000 
-4.440000 -3.440000 -5.440000 -6.440000 -10.440000 -12.440000 -12.440000 -9.440000 -14.440000 -9.440000 -7.440000 -11.440000 -11.440000 -11.440000 -12.440000 
-3.440000 -5.440000 -9.440000 -10.440000 -12.440000 -11.440000 -15.440000 -20.440001 -18.440001 -19.440001 -15.440000 -14.440000 -13.440000 -10.440000 -10.440000 
-7.440000 -6.440000 -7.440000 -12.440000 -16.440001 -18.440001 -21.440001 -19.440001 -20.440001 -19.440001 -17.440001 -10.440000 -3.440000 15.560000 27.559999 
3.560000 -6.440000 -12.440000 -14.440000 -18.440001 -17.440001 -19.440001 -19.440001 -18.440001 -15.440000 -5.440000 11.560000 29.559999 33.560001 34.560001 
-11.440000 -12.440000 -14.440000 -15.440000 -15.440000 -17.440001 -16.440001 -18.440001 -16.440001 -16.440001 -7.440000 5.560000 26.559999 37.560001 40.560001 
-10.440000 -10.440000 -9.440000 -6.440000 -7.440000 -12.440000 -16.440001 -17.440001 -19.440001 -16.440001 -14.440000 -1.440000 20.559999 33.560001 38.560001 
2.560000 27.559999 32.560001 21.559999 7.560000 -6.440000 -16.440001 -17.440001 -16.440001 -15.440000 -14.440000 -4.440000 15.560000 33.560001 38.560001 
6.560000 24.559999 35.560001 27.559999 13.560000 -2.440000 -13.440000 -16.440001 -18.440001 -17.440001 -13.440000 -7.440000 10.560000 31.559999 42.560001 
-0.440000 17.559999 31.559999 31.559999 16.559999 0.560000 -10.440000 -14.440000 -15.440000 -16.440001 -14.440000 -5.440000 10.560000 30.559999 38.560001 
-5.440000 8.560000 27.559999 32.560001 22.559999 3.560000 -4.440000 -2.440000 -8.440000 -10.440000 -10.440000 0.560000 19.559999 33.560001 43.560001 
-5.440000 3.560000 21.559999 35.560001 29.559999 26.559999 30.559999 31.559999 18.559999 4.560000 -0.440000 9.560000 22.559999 31.559999 40.560001 
28.582222 27.582222 23.582222 24.582222 22.582222 19.582222 17.582222 11.582222 6.582222 11.582222 6.582222 7.582222 9.582222 10.582222 8.582222 
30.582222 29.582222 28.582222 24.582222 17.582222 22.582222 15.582222 5.582222 -2.417778 0.582222 7.582222 2.582222 3.582222 8.582222 7.582222 
33.582222 28.582222 29.582222 24.582222 22.582222 14.582222 7.582222 -6.417778 -9.417778 -8.417778 -6.417778 -6.417778 -2.417778 0.582222 4.582222 
36.582222 33.582222 31.582222 30.582222 23.582222 10.582222 -5.417778 -14.417778 -14.417778 -14.417778 -12.417778 -12.417778 -8.417778 -1.417778 1.582222 
40.582222 37.582222 34.582222 26.582222 16.582222 3.582222 -10.417778 -18.417778 -17.417778 -18.417778 -16.417778 -14.417778 -9.417778 -6.417778 -4.417778 
43.582222 41.582222 33.582222 20.582222 5.582222 -9.417778 -15.417778 -16.417778 -19.417778 -18.417778 -21.417778 -17.417778 -16.417778 -9.417778 -5.417778 
47.582222 39.582222 25.582222 9.582222 -5.417778 -14.417778 -17.417778 -17.417778 -18.417778 -17.417778 -17.417778 -17.417778 -16.417778 -12.417778 -5.417778 
49.582222 32.582222 8.582222 -7.417778 -14.417778 -14.417778 -14.417778 -14.417778 -18.417778 -18.417778 -17.417778 -15.417778 -17.417778 -15.417778 -8.417778 
45.582222 18.582222 -5.417778 -13.417778 -17.417778 -14.417778 -15.417778 -18.417778 -16.417778 -19.417778 -17.417778 -18.417778 -17.417778 -17.417778 -10.417778 
36.582222 6.582222 -5.417778 -12.417778 -15.417778 -16.417778 -16.417778 -17.417778 -16.417778 -18.417778 -18.417778 -18.417778 -20.417778 -16.417778 -8.417778 
22.582222 9.582222 3.582222 -3.417778 -8.417778 -13.417778 -16.417778 -16.417778 -16.417778 -18.417778 -17.417778 -21.417778 -12.417778 -13.417778 3.582222 
19.582222 12.582222 6.582222 1.582222 -5.417778 -11.417778 -15.417778 -17.417778 -16.417778 -18.417778 -15.417778 -15.417778 -13.417778 -4.417778 14.582222 
23.582222 16.582222 9.582222 3.582222 -1.417778 -6.417778 -16.417778 -17.417778 -17.417778 -17.417778 -15.417778 -15.417778 -12.417778 5.582222 17.582222 
26.582222 19.582222 15.582222 4.582222 0.582222 -6.417778 -13.417778 -15.417778 -16.417778 -16.417778 -15.417778 -15.417778 -8.417778 6.582222 16.582222 
27.582222 21.582222 16.582222 9.582222 2.582222 -6.417778 -15.417778 -16.417778 -16.417778 -16.417778 -14.417778 -15.417778 -7.417778 3.582222 10.582222 
59.959999 62.959999 62.959999 55.959999 58.959999 57.959999 57.959999 51.959999 48.959999 40.959999 24.959999 22.959999 7.960000 -0.040000 -9.040000 
54.959999 58.959999 55.959999 56.959999 55.959999 52.959999 50.959999 42.959999 27.959999 12.960000 -1.040000 -4.040000 -14.040000 -22.040001 -26.040001 
54.959999 56.959999 54.959999 54.959999 46.959999 36.959999 22.959999 9.960000 -3.040000 -15.040000 -18.040001 -17.040001 -21.040001 -26.040001 -29.040001 
49.959999 51.959999 47.959999 30.959999 18.959999 4.960000 -10.040000 -17.040001 -23.040001 -26.040001 -23.040001 -22.040001 -19.040001 -27.040001 -26.040001 
37.959999 31.959999 10.960000 -5.040000 -16.040001 -20.040001 -26.040001 -26.040001 -27.040001 -27.040001 -26.040001 -26.040001 -19.040001 -26.040001 -27.040001 
3.960000 -6.040000 -23.040001 -25.040001 -28.040001 -30.040001 -28.040001 -28.040001 -29.040001 -28.040001 -25.040001 -24.040001 -21.040001 -23.040001 -25.040001 
-21.040001 -28.040001 -29.040001 -32.040001 -32.040001 -32.040001 -30.040001 -29.040001 -28.040001 -27.040001 -27.040001 -24.040001 -23.040001 -19.040001 -20.040001 
-31.040001 -31.040001 -31.040001 -31.040001 -31.040001 -30.040001 -29.040001 -28.040001 -27.040001 -27.040001 -26.040001 -25.040001 -25.040001 -19.040001 -19.040001 
-31.040001 -29.040001 -31.040001 -28.040001 -29.040001 -29.040001 -29.040001 -28.040001 -27.040001 -27.040001 -25.040001 -24.040001 -23.040001 -18.040001 -12.040000 
-30.040001 -30.040001 -31.040001 -30.040001 -29.040001 -28.040001 -27.040001 -25.040001 -25.040001 -25.040001 -25.040001 -21.040001 -19.040001 -7.040000 7.960000 
-31.040001 -28.040001 -30.040001 -28.040001 -29.040001 -25.040001 -24.040001 -24.040001 -23.040001 -21.040001 -18.040001 -8.040000 6.960000 24.959999 31.959999 
-29.040001 -29.040001 -26.040001 -26.040001 -27.040001 -27.040001 -23.040001 -18.040001 -12.040000 -0.040000 12.960000 29.959999 38.959999 43.959999 49.959999 
-29.040001 -27.040001 -24.040001 -24.040001 -23.040001 -17.040001 -9.040000 5.960000 18.959999 32.959999 44.959999 49.959999 54.959999 54.959999 55.959999 
-28.040001 -25.040001 -22.040001 -14.040000 -2.040000 9.960000 24.959999 39.959999 45.959999 50.959999 53.959999 52.959999 59.959999 55.959999 57.959999 
-16.040001 -7.040000 4.960000 21.959999 31.959999 39.959999 49.959999 54.959999 53.959999 55.959999 55.959999 59.959999 61.959999 58.959999 60.959999 
18.799999 11.800000 6.800000 -3.200000 -9.200000 -10.200000 -2.200000 3.800000 7.800000 15.800000 16.799999 13.800000 9.800000 5.800000 2.800000 
13.800000 12.800000 6.800000 3.800000 -5.200000 -8.200000 -7.200000 -6.200000 -3.200000 3.800000 4.800000 2.800000 2.800000 2.800000 0.800000 
1.800000 9.800000 10.800000 1.800000 -4.200000 -9.200000 -7.200000 -10.200000 -6.200000 -3.200000 1.800000 2.800000 1.800000 -0.200000 -4.200000 
0.800000 0.800000 3.800000 -4.200000 -6.200000 -8.200000 -5.200000 -9.200000 -9.200000 -6.200000 -2.200000 -1.200000 0.800000 -3.200000 -3.200000 
-5.200000 -6.200000 -5.200000 -6.200000 -6.200000 -8.200000 -7.200000 -11.200000 -11.200000 -10.200000 -4.200000 -2.200000 -2.200000 -0.200000 -5.200000 
-2.200000 -3.200000 -5.200000 -8.200000 -8.200000 -11.200000 -10.200000 -12.200000 -11.200000 -13.200000 -7.200000 -7.200000 -5.200000 -4.200000 1.800000 
-3.200000 -6.200000 -10.200000 -10.200000 -12.200000 -10.200000 -12.200000 -14.200000 -15.200000 -13.200000 -14.200000 -4.200000 2.800000 8.800000 14.800000 
-4.200000 -8.200000 -9.200000 -12.200000 -11.200000 -13.200000 -11.200000 -14.200000 -12.200000 -11.200000 -11.200000 -1.200000 14.800000 24.799999 33.799999 
-5.200000 -8.200000 -13.200000 -12.200000 -13.200000 -14.200000 -14.200000 -16.200001 -12.200000 -14.200000 -11.200000 -11.200000 20.799999 32.799999 45.799999 
-5.200000 -6.200000 -6.200000 -12.200000 -13.200000 -13.200000 -12.200000 -13.200000 -12.200000 -11.200000 -12.200000 -11.200000 13.800000 35.799999 46.799999 
5.800000 5.800000 1.800000 -6.200000 -11.200000 -13.200000 -16.200001 -13.200000 -13.200000 -14.200000 -13.200000 -12.200000 -4.200000 30.799999 43.799999 
22.799999 18.799999 17.799999 1.800000 -8.200000 -11.200000 -12.200000 -13.200000 -12.200000 -9.200000 -11.200000 -10.200000 -9.200000 12.800000 40.799999 
43.799999 40.799999 31.799999 15.800000 -5.200000 -8.200000 -8.200000 -13.200000 -13.200000 -11.200000 -11.200000 -11.200000 -10.200000 -1.200000 30.799999 
50.799999 52.799999 42.799999 27.799999 3.800000 -6.200000 -10.200000 -9.200000 -11.200000 -12.200000 -12.200000 -11.200000 -8.200000 4.800000 21.799999 
57.799999 48.799999 46.799999 37.799999 11.800000 0.800000 -3.200000 -6.200000 -8.200000 -9.200000 -10.200000 -9.200000 -5.200000 12.800000 24.799999 
60.777779 52.777779 46.777779 39.777779 33.777779 27.777779 20.777779 13.777778 9.777778 4.777778 -0.222222 -6.222222 -12.222222 -16.222221 -15.222222 
44.777779 35.777779 29.777779 23.777779 16.777779 12.777778 7.777778 2.777778 -2.222222 -5.222222 -8.222222 -12.222222 -16.222221 -18.222221 -21.222221 
26.777779 19.777779 13.777778 7.777778 3.777778 -1.222222 -4.222222 -7.222222 -9.222222 -11.222222 -13.222222 -18.222221 -17.222221 -18.222221 -21.222221 
15.777778 5.777778 3.777778 -2.222222 -4.222222 -9.222222 -11.222222 -13.222222 -15.222222 -18.222221 -18.222221 -20.222221 -18.222221 -20.222221 -22.222221 
6.777778 -4.222222 -6.222222 -10.222222 -14.222222 -15.222222 -17.222221 -19.222221 -21.222221 -21.222221 -20.222221 -21.222221 -12.222222 -19.222221 -22.222221 
2.777778 -7.222222 -14.222222 -18.222221 -19.222221 -20.222221 -20.222221 -22.222221 -23.222221 -23.222221 -20.222221 -18.222221 -22.222221 -20.222221 -21.222221 
8.777778 -5.222222 -16.222221 -20.222221 -20.222221 -22.222221 -21.222221 -22.222221 -22.222221 -23.222221 -22.222221 -20.222221 -20.222221 -20.222221 -21.222221 
13.777778 1.777778 -12.222222 -17.222221 -21.222221 -23.222221 -24.222221 -23.222221 -22.222221 -22.222221 -22.222221 -20.222221 -20.222221 -21.222221 -22.222221 
18.777779 4.777778 -6.222222 -15.222222 -20.222221 -23.222221 -24.222221 -23.222221 -22.222221 -22.222221 -20.222221 -22.222221 -22.222221 -18.222221 -14.222222 
25.777779 13.777778 -0.222222 -10.222222 -19.222221 -23.222221 -22.222221 -21.222221 -22.222221 -21.222221 -21.222221 -19.222221 -14.222222 -12.222222 -3.222222 
32.777779 21.777779 10.777778 -3.222222 -14.222222 -20.222221 -22.222221 -20.222221 -18.222221 -16.222221 -10.222222 -8.222222 -3.222222 4.777778 12.777778 
41.777779 31.777779 17.777779 6.777778 -5.222222 -13.222222 -17.222221 -17.222221 -13.222222 -7.222222 0.777778 8.777778 13.777778 21.777779 26.777779 
51.777779 40.777779 26.777779 13.777778 3.777778 -6.222222 -8.222222 -5.222222 1.777778 9.777778 17.777779 22.777779 28.777779 31.777779 32.777779 
56.777779 47.777779 35.777779 22.777779 11.777778 6.777778 4.777778 8.777778 19.777779 24.777779 32.777779 36.777779 39.777779 35.777779 31.777779 
63.777779 52.777779 43.777779 32.777779 24.777779 19.777779 19.777779 24.777779 33.777779 38.777779 41.777779 39.777779 38.777779 32.777779 24.777779 
-4.057778 10.942223 13.942223 13.942223 13.942223 14.942223 17.942223 19.942223 20.942223 20.942223 21.942223 23.942223 26.942223 28.942223 30.942223 
0.942222 6.942222 10.942223 13.942223 17.942223 19.942223 14.942223 13.942223 13.942223 11.942223 15.942223 16.942223 16.942223 16.942223 19.942223 
0.942222 6.942222 7.942222 14.942223 17.942223 13.942223 17.942223 15.942223 14.942223 11.942223 11.942223 10.942223 15.942223 11.942223 11.942223 
-0.057778 -0.057778 -1.057778 0.942222 0.942222 2.942222 6.942222 9.942223 12.942223 3.942222 4.942222 5.942222 7.942222 4.942222 7.942222 
-5.057778 -5.057778 -9.057777 -11.057777 -9.057777 -12.057777 -6.057778 -4.057778 -9.057777 -9.057777 -10.057777 -11.057777 -9.057777 -8.057777 -5.057778 
-4.057778 -9.057777 -12.057777 -12.057777 -10.057777 -11.057777 -15.057777 -17.057777 -16.057777 -14.057777 -15.057777 -14.057777 -13.057777 -5.057778 4.942222 
-2.057778 -4.057778 -10.057777 -12.057777 -13.057777 -20.057777 -22.057777 -22.057777 -22.057777 -20.057777 -20.057777 -20.057777 -14.057777 0.942222 13.942223 
-4.057778 -6.057778 -9.057777 -12.057777 -21.057777 -25.057777 -25.057777 -27.057777 -23.057777 -22.057777 -23.057777 -19.057777 -7.057778 4.942222 8.942223 
-0.057778 0.942222 -5.057778 -11.057777 -21.057777 -23.057777 -25.057777 -26.057777 -26.057777 -25.057777 -25.057777 -18.057777 -8.057777 4.942222 13.942223 
1.942222 8.942223 -2.057778 -13.057777 -15.057777 -22.057777 -21.057777 -24.057777 -22.057777 -24.057777 -22.057777 -20.057777 -7.057778 9.942223 13.942223 
11.942223 9.942223 2.942222 -1.057778 -2.057778 -5.057778 -13.057777 -18.057777 -19.057777 -20.057777 -21.057777 -20.057777 -11.057777 -2.057778 15.942223 
22.942223 20.942223 17.942223 15.942223 19.942223 13.942223 -9.057777 -13.057777 -19.057777 -21.057777 -22.057777 -23.057777 -16.057777 0.942222 27.942223 
36.942223 30.942223 33.942223 32.942223 36.942223 20.942223 -9.057777 -19.057777 -19.057777 -21.057777 -23.057777 -21.057777 -17.057777 5.942222 28.942223 
44.942223 40.942223 41.942223 42.942223 39.942223 23.942223 -4.057778 -18.057777 -21.057777 -22.057777 -20.057777 -19.057777 -18.057777 -8.057777 25.942223 
47.942223 49.942223 47.942223 46.942223 44.942223 37.942223 2.942222 -13.057777 -20.057777 -22.057777 -19.057777 -21.057777 -20.057777 -18.057777 -8.057777 
26.893333 18.893333 17.893333 16.893333 15.893333 15.893333 18.893333 20.893333 24.893333 25.893333 28.893333 13.893333 -3.106667 -12.106667 -14.106667 
40.893333 33.893333 32.893333 21.893333 15.893333 7.893333 7.893333 8.893333 5.893333 11.893333 13.893333 12.893333 -1.106667 -11.106667 -13.106667 
33.893333 26.893333 16.893333 7.893333 0.893333 -8.106667 -10.106667 -3.106667 4.893333 7.893333 13.893333 10.893333 6.893333 -7.106667 -14.106667 
27.893333 21.893333 12.893333 9.893333 5.893333 -0.106667 -8.106667 -10.106667 -2.106667 7.893333 14.893333 15.893333 9.893333 -6.106667 -10.106667 
30.893333 22.893333 14.893333 9.893333 1.893333 -5.106667 -7.106667 -10.106667 -7.106667 -2.106667 0.893333 -3.106667 -7.106667 -9.106667 -11.106667 
33.893333 22.893333 16.893333 4.893333 -5.106667 -8.106667 -8.106667 -9.106667 -9.106667 -9.106667 -8.106667 -9.106667 -10.106667 -11.106667 -8.106667 
20.893333 11.893333 6.893333 -2.106667 -5.106667 -9.106667 -11.106667 -6.106667 -12.106667 -14.106667 -11.106667 -10.106667 -7.106667 -6.106667 -4.106667 
-2.106667 -2.106667 -6.106667 -6.106667 -8.106667 -11.106667 -13.106667 -15.106667 -16.106667 -18.106667 -17.106667 -17.106667 -11.106667 -1.106667 -6.106667 
-4.106667 -7.106667 -11.106667 -13.106667 -17.106667 -18.106667 -18.106667 -19.106667 -20.106667 -20.106667 -20.106667 -19.106667 -18.106667 -13.106667 -8.106667 
-11.106667 -14.106667 -15.106667 -18.106667 -20.106667 -19.106667 -20.106667 -21.106667 -22.106667 -19.106667 -17.106667 -8.106667 -0.106667 6.893333 -4.106667 
-13.106667 -18.106667 -20.106667 -20.106667 -18.106667 -23.106667 -19.106667 -21.106667 -21.106667 -20.106667 -19.106667 0.893333 23.893333 28.893333 21.893333 
-11.106667 -10.106667 -11.106667 -8.106667 -17.106667 -18.106667 -20.106667 -21.106667 -21.106667 -20.106667 -18.106667 -9.106667 22.893333 37.893333 38.893333 
16.893333 19.893333 13.893333 11.893333 0.893333 -15.106667 -17.106667 -20.106667 -20.106667 -22.106667 -20.106667 -15.106667 10.893333 37.893333 45.893333 
40.893333 40.893333 34.893333 27.893333 7.893333 -9.106667 -15.106667 -18.106667 -19.106667 -18.106667 -20.106667 -18.106667 -2.106667 32.893333 42.893333 
51.893333 44.893333 43.893333 30.893333 13.893333 -5.106667 -13.106667 -15.106667 -19.106667 -19.106667 -19.106667 -17.106667 -5.106667 26.893333 37.893333 
38.786667 36.786667 27.786667 21.786667 21.786667 23.786667 29.786667 -30.213333 -33.213333 11.786667 24.786667 36.786667 41.786667 40.786667 37.786667 
45.786667 36.786667 31.786667 26.786667 15.786667 5.786667 20.786667 -26.213333 -30.213333 -4.213333 30.786667 36.786667 38.786667 37.786667 37.786667 
43.786667 33.786667 32.786667 27.786667 27.786667 24.786667 23.786667 -19.213333 -30.213333 9.786667 26.786667 39.786667 35.786667 32.786667 37.786667 
44.786667 37.786667 29.786667 26.786667 15.786667 7.786667 -2.213333 -35.213333 -35.213333 -35.213333 23.786667 19.786667 28.786667 35.786667 36.786667 
40.786667 37.786667 25.786667 -6.213333 -34.213333 -39.213333 -29.213333 -24.213333 -37.213333 -35.213333 -21.213333 -2.213333 29.786667 31.786667 30.786667 
9.786667 -2.213333 -4.213333 -4.213333 -24.213333 -18.213333 -35.213333 -25.213333 -38.213333 -38.213333 -26.213333 5.786667 33.786667 31.786667 33.786667 
21.786667 27.786667 18.786667 19.786667 0.786667 -2.213333 -26.213333 -20.213333 -37.213333 -37.213333 -33.213333 2.786667 24.786667 23.786667 20.786667 
36.786667 33.786667 28.786667 20.786667 3.786667 -13.213333 -31.213333 -10.213333 -32.213333 -37.213333 -36.213333 -15.213333 -16.213333 -24.213333 -22.213333 
31.786667 31.786667 34.786667 20.786667 -0.213333 -23.213333 -33.213333 -35.213333 -31.213333 -30.213333 -34.213333 -32.213333 -23.213333 -18.213333 -15.213333 
19.786667 6.786667 -4.213333 -13.213333 -25.213333 -30.213333 -31.213333 -33.213333 -33.213333 -27.213333 -33.213333 -36.213333 -31.213333 -25.213333 -17.213333 
-15.213333 -19.213333 -19.213333 -24.213333 -36.213333 -45.213333 -44.213333 -45.213333 -42.213333 -39.213333 -33.213333 -34.213333 30.786667 37.786667 34.786667 
-19.213333 -22.213333 -24.213333 -30.213333 -22.213333 -26.213333 -40.213333 -43.213333 -43.213333 -36.213333 -39.213333 -32.213333 31.786667 33.786667 36.786667 
16.786667 28.786667 29.786667 29.786667 13.786667 -3.213333 -35.213333 -35.213333 -39.213333 -31.213333 -40.213333 -35.213333 27.786667 28.786667 36.786667 
38.786667 40.786667 33.786667 32.786667 22.786667 -0.213333 -29.213333 -32.213333 -37.213333 -5.213333 -36.213333 -32.213333 -24.213333 -22.213333 38.786667 
39.786667 38.786667 42.786667 35.786667 18.786667 15.786667 16.786667 13.786667 -26.213333 -0.213333 -33.213333 -27.213333 -30.213333 -25.213333 39.786667 
38.791111 35.791111 30.791111 25.791111 33.791111 41.791111 41.791111 40.791111 39.791111 42.791111 43.791111 41.791111 41.791111 39.791111 34.791111 
40.791111 36.791111 35.791111 24.791111 29.791111 36.791111 36.791111 35.791111 38.791111 38.791111 38.791111 41.791111 39.791111 38.791111 34.791111 
40.791111 39.791111 36.791111 24.791111 21.791111 27.791111 29.791111 26.791111 26.791111 25.791111 27.791111 31.791111 38.791111 38.791111 40.791111 
40.791111 37.791111 30.791111 22.791111 15.791111 16.791111 18.791111 11.791111 9.791111 8.791111 8.791111 13.791111 18.791111 31.791111 31.791111 
37.791111 31.791111 24.791111 16.791111 3.791111 -3.208889 -3.208889 -4.208889 -9.208889 -10.208889 -10.208889 -6.208889 2.791111 16.791111 28.791111 
30.791111 21.791111 10.791111 -1.208889 -15.208889 -18.208889 -18.208889 -21.208889 -26.208889 -26.208889 -25.208889 -17.208889 -17.208889 2.791111 18.791111 
20.791111 8.791111 -5.208889 -18.208889 -28.208889 -35.208889 -38.208889 -39.208889 -39.208889 -38.208889 -34.208889 -30.208889 -21.208889 -6.208889 13.791111 
7.791111 -6.208889 -23.208889 -34.208889 -38.208889 -44.208889 -49.208889 -51.208889 -50.208889 -46.208889 -45.208889 -35.208889 -29.208889 -8.208889 15.791111 
0.791111 -20.208889 -36.208889 -42.208889 -48.208889 -51.208889 -54.208889 -56.208889 -55.208889 -52.208889 -47.208889 -37.208889 -27.208889 -2.208889 23.791111 
-7.208889 -26.208889 -40.208889 -47.208889 -52.208889 -57.208889 -56.208889 -58.208889 -56.208889 -51.208889 -45.208889 -32.208889 -19.208889 5.791111 26.791111 
2.791111 -27.208889 -41.208889 -48.208889 -55.208889 -56.208889 -58.208889 -56.208889 -50.208889 -41.208889 -31.208889 -19.208889 -1.208889 18.791111 38.791111 
14.791111 -11.208889 -28.208889 -37.208889 -43.208889 -45.208889 -50.208889 -48.208889 -36.208889 -26.208889 -13.208889 1.791111 22.791111 34.791111 45.791111 
22.791111 6.791111 -10.208889 -20.208889 -24.208889 -27.208889 -33.208889 -37.208889 -22.208889 -4.208889 8.791111 18.791111 31.791111 42.791111 49.791111 
16.791111 12.791111 9.791111 2.791111 -1.208889 -3.208889 -10.208889 -19.208889 -9.208889 12.791111 24.791111 30.791111 36.791111 45.791111 50.791111 
4.791111 5.791111 1.791111 2.791111 3.791111 2.791111 5.791111 -6.208889 -0.208889 20.791111 33.791111 36.791111 43.791111 46.791111 49.791111 
44.062222 38.062222 28.062222 23.062222 15.062222 6.062222 -0.937778 -6.937778 -6.937778 -6.937778 -5.937778 -6.937778 -1.937778 -1.937778 -4.937778 
27.062222 17.062222 11.062222 4.062222 -3.937778 -5.937778 -5.937778 -3.937778 -2.937778 -1.937778 -5.937778 -5.937778 -4.937778 -7.937778 -6.937778 
13.062222 5.062222 2.062222 -1.937778 -2.937778 -4.937778 -5.937778 -7.937778 -4.937778 -6.937778 -8.937778 -7.937778 -6.937778 -6.937778 -4.937778 
-1.937778 -3.937778 -1.937778 -5.937778 -4.937778 -8.937778 -6.937778 -7.937778 -9.937778 -11.937778 -12.937778 -13.937778 -8.937778 -1.937778 0.062222 
-5.937778 -5.937778 -5.937778 -5.937778 -6.937778 -10.937778 -13.937778 -15.937778 -18.937778 -20.937778 -21.937778 -21.937778 -19.937778 -10.937778 -2.937778 
-6.937778 -9.937778 -12.937778 -12.937778 -17.937778 -18.937778 -21.937778 -20.937778 -22.937778 -20.937778 -21.937778 -21.937778 -17.937778 -15.937778 -14.937778 
-13.937778 -11.937778 -15.937778 -17.937778 -17.937778 -18.937778 -19.937778 -20.937778 -19.937778 -19.937778 -18.937778 -17.937778 -13.937778 -6.937778 -3.937778 
-9.937778 -11.937778 -13.937778 -13.937778 -15.937778 -16.937778 -15.937778 -17.937778 -17.937778 -18.937778 -18.937778 -16.937778 -3.937778 18.062222 24.062222 
1.062222 2.062222 1.062222 0.062222 -7.937778 -14.937778 -15.937778 -15.937778 -15.937778 -14.937778 -17.937778 -14.937778 -5.937778 11.062222 28.062222 
32.062222 32.062222 27.062222 21.062222 8.062222 -6.937778 -14.937778 -14.937778 -14.937778 -14.937778 -14.937778 -14.937778 -12.937778 2.062222 27.062222 
45.062222 40.062222 34.062222 27.062222 14.062222 -2.937778 -11.937778 -12.937778 -12.937778 -13.937778 -13.937778 -14.937778 -13.937778 -1.937778 20.062222 
50.062222 46.062222 40.062222 30.062222 21.062222 3.062222 -9.937778 -10.937778 -13.937778 -13.937778 -12.937778 -14.937778 -12.937778 -8.937778 9.062222 
51.062222 51.062222 45.062222 37.062222 25.062222 6.062222 -4.937778 -8.937778 -9.937778 -11.937778 -12.937778 -14.937778 -13.937778 -3.937778 15.062222 
56.062222 54.062222 47.062222 45.062222 30.062222 13.062222 0.062222 -6.937778 -9.937778 -13.937778 -13.937778 -12.937778 -6.937778 8.062222 15.062222 
59.062222 55.062222 50.062222 47.062222 39.062222 33.062222 35.062222 33.062222 20.062222 -0.937778 -11.937778 -9.937778 2.062222 15.062222 18.062222 
29.822222 31.822222 29.822222 28.822222 20.822222 23.822222 28.822222 29.822222 27.822222 30.822222 23.822222 22.822222 19.822222 2.822222 5.822222 
30.822222 29.822222 29.822222 27.822222 25.822222 19.822222 23.822222 26.822222 25.822222 20.822222 21.822222 13.822222 12.822222 5.822222 2.822222 
26.822222 29.822222 28.822222 24.822222 26.822222 15.822222 12.822222 16.822222 11.822222 6.822222 5.822222 7.822222 9.822222 4.822222 0.822222 
22.822222 21.822222 28.822222 25.822222 17.822222 6.822222 -4.177778 -8.177778 -12.177778 -20.177778 -21.177778 -16.177778 -6.177778 -3.177778 -6.177778 
18.822222 22.822222 22.822222 13.822222 -2.177778 -13.177778 -28.177778 -38.177776 -40.177776 -42.177776 -38.177776 -35.177776 -19.177778 -9.177778 -8.177778 
17.822222 16.822222 11.822222 -3.177778 -19.177778 -34.177776 -50.177776 -58.177776 -57.177776 -62.177776 -53.177776 -46.177776 -28.177778 -8.177778 0.822222 
11.822222 12.822222 3.822222 -13.177778 -35.177776 -55.177776 -63.177776 -65.177780 -68.177780 -66.177780 -60.177776 -47.177776 -24.177778 -4.177778 7.822222 
8.822222 6.822222 0.822222 -21.177778 -47.177776 -62.177776 -68.177780 -70.177780 -70.177780 -65.177780 -53.177776 -36.177776 -16.177778 3.822222 11.822222 
2.822222 7.822222 1.822222 -10.177778 -41.177776 -58.177776 -63.177776 -68.177780 -64.177780 -51.177776 -36.177776 -16.177778 1.822222 12.822222 15.822222 
0.822222 5.822222 11.822222 9.822222 -5.177778 -25.177778 -34.177776 -45.177776 -40.177776 -26.177778 -6.177778 1.822222 11.822222 17.822222 16.822222 
1.822222 11.822222 20.822222 16.822222 10.822222 2.822222 -2.177778 -9.177778 -15.177778 -7.177778 7.822222 11.822222 18.822222 17.822222 19.822222 
8.822222 17.822222 21.822222 19.822222 16.822222 15.822222 12.822222 9.822222 2.822222 0.822222 9.822222 17.822222 20.822222 18.822222 20.822222 
11.822222 20.822222 23.822222 18.822222 21.822222 21.822222 15.822222 17.822222 9.822222 3.822222 7.822222 16.822222 16.822222 21.822222 20.822222 
13.822222 11.822222 22.822222 22.822222 18.822222 18.822222 19.822222 17.822222 13.822222 7.822222 8.822222 15.822222 17.822222 19.822222 18.822222 
13.822222 9.822222 15.822222 17.822222 21.822222 19.822222 18.822222 21.822222 15.822222 9.822222 7.822222 7.822222 16.822222 14.822222 15.822222 
33.031113 29.031111 30.031111 28.031111 32.031113 36.031113 37.031113 36.031113 34.031113 34.031113 34.031113 32.031113 29.031111 30.031111 27.031111 
30.031111 31.031111 34.031113 33.031113 34.031113 34.031113 30.031111 27.031111 27.031111 25.031111 28.031111 26.031111 23.031111 24.031111 23.031111 
31.031111 29.031111 30.031111 25.031111 24.031111 24.031111 21.031111 20.031111 22.031111 20.031111 19.031111 19.031111 20.031111 15.031111 9.031111 
19.031111 13.031111 15.031111 17.031111 16.031111 16.031111 15.031111 13.031111 11.031111 10.031111 10.031111 4.031111 1.031111 -1.968889 -5.968889 
10.031111 12.031111 14.031111 9.031111 6.031111 3.031111 0.031111 -2.968889 -7.968889 -8.968889 -6.968889 -9.968889 -10.968889 -5.968889 -6.968889 
8.031111 4.031111 -4.968889 -10.968889 -12.968889 -13.968889 -16.968889 -16.968889 -14.968889 -9.968889 -8.968889 -2.968889 3.031111 6.031111 10.031111 
-6.968889 -9.968889 -16.968889 -18.968889 -17.968889 -15.968889 -12.968889 -6.968889 -1.968889 2.031111 3.031111 4.031111 6.031111 4.031111 4.031111 
-8.968889 -12.968889 -12.968889 -13.968889 -8.968889 -4.968889 -2.968889 -0.968889 -3.968889 -4.968889 -7.968889 -7.968889 -5.968889 2.031111 2.031111 
-3.968889 -1.968889 -2.968889 -1.968889 -2.968889 -5.968889 -10.968889 -13.968889 -17.968889 -19.968889 -14.968889 -5.968889 1.031111 2.031111 3.031111 
-0.968889 -0.968889 -2.968889 -8.968889 -18.968889 -18.968889 -21.968889 -21.968889 -18.968889 -14.968889 -13.968889 -11.968889 -2.968889 1.031111 6.031111 
-5.968889 -9.968889 -10.968889 -14.968889 -19.968889 -25.968889 -26.968889 -24.968889 -21.968889 -21.968889 -21.968889 -18.968889 -11.968889 7.031111 18.031111 
-10.968889 -11.968889 -12.968889 -15.968889 -22.968889 -28.968889 -31.968889 -31.968889 -30.968889 -30.968889 -26.968889 -18.968889 -6.968889 10.031111 24.031111 
-9.968889 -7.968889 -12.968889 -11.968889 -15.968889 -22.968889 -29.968889 -30.968889 -31.968889 -26.968889 -25.968889 -16.968889 -4.968889 14.031111 30.031111 
-3.968889 0.031111 5.031111 3.031111 0.031111 -12.968889 -24.968889 -29.968889 -30.968889 -29.968889 -28.968889 -17.968889 -2.968889 15.031111 28.031111 
18.031111 22.031111 24.031111 18.031111 6.031111 -13.968889 -27.968889 -30.968889 -31.968889 -31.968889 -29.968889 -20.968889 -2.968889 5.031111 20.031111 
34.688889 32.688889 35.688889 36.688889 31.688889 33.688889 36.688889 29.688889 35.688889 33.688889 37.688889 43.688889 39.688889 48.688889 32.688889 
37.688889 38.688889 34.688889 42.688889 41.688889 36.688889 33.688889 24.688889 30.688889 32.688889 30.688889 30.688889 15.688889 -4.311111 -28.311111 
35.688889 35.688889 32.688889 51.688889 45.688889 35.688889 30.688889 19.688889 24.688889 8.688889 -9.311111 -26.311111 -44.311111 -49.311111 -56.311111 
33.688889 39.688889 40.688889 55.688889 43.688889 28.688889 7.688889 -12.311111 -25.311111 -46.311111 -55.311111 -59.311111 -56.311111 -44.311111 -54.311111 
30.688889 39.688889 49.688889 26.688889 -5.311111 -22.311111 -50.311111 -59.311111 -53.311111 -59.311111 -57.311111 -54.311111 -44.311111 -10.311111 5.688889 
12.688889 -0.311111 -15.311111 -36.311111 -55.311111 -63.311111 -65.311111 -62.311111 -47.311111 -51.311111 -22.311111 6.688889 32.688889 35.688889 33.688889 
-37.311111 -51.311111 -57.311111 -49.311111 -63.311111 -63.311111 -63.311111 -60.311111 -52.311111 21.688889 40.688889 44.688889 46.688889 38.688889 25.688889 
-59.311111 -58.311111 -58.311111 -50.311111 -59.311111 -61.311111 -57.311111 -62.311111 -62.311111 35.688889 41.688889 46.688889 44.688889 38.688889 33.688889 
-54.311111 -36.311111 -12.311111 5.688889 -57.311111 -62.311111 -53.311111 -66.311111 -60.311111 17.688889 39.688889 32.688889 34.688889 48.688889 50.688889 
6.688889 18.688889 31.688889 35.688889 -56.311111 -65.311111 -63.311111 -69.311111 -64.311111 -31.311111 31.688889 37.688889 37.688889 62.688889 63.688889 
29.688889 19.688889 37.688889 38.688889 -47.311111 -61.311111 -64.311111 -67.311111 -64.311111 -56.311111 40.688889 47.688889 55.688889 64.688889 62.688889 
31.688889 26.688889 37.688889 44.688889 -5.311111 -65.311111 -65.311111 -63.311111 -66.311111 -60.311111 45.688889 53.688889 52.688889 54.688889 53.688889 
31.688889 36.688889 45.688889 52.688889 27.688889 -65.311111 -67.311111 -56.311111 -67.311111 -62.311111 16.688889 40.688889 46.688889 43.688889 60.688889 
52.688889 48.688889 48.688889 51.688889 44.688889 -61.311111 -67.311111 -60.311111 -66.311111 -66.311111 -30.311111 34.688889 53.688889 50.688889 61.688889 
49.688889 44.688889 47.688889 49.688889 43.688889 -56.311111 -64.311111 -64.311111 -65.311111 -66.311111 -57.311111 34.688889 49.688889 56.688889 57.688889 
13 #numtrees
10 #numFeatures
#Tree 0
0.840188 0.394383 0.783099 0.798440 # Feature 0
0.911647 0.197551 0.335223 0.768230 # Feature 1
0.277775 0.553970 0.477397 0.628871 # Feature 2
0.364784 0.513401 0.952230 0.916195 # Feature 3
0.635712 0.717297 0.141603 0.606969 # Feature 4
0.016301 0.242887 0.137232 0.804177 # Feature 5
0.156679 0.400944 0.129790 0.108809 # Feature 6
0.998924 0.218257 0.512932 0.839112 # Feature 7
0.612640 0.296032 0.637552 0.524287 # Feature 8
0.493583 0.972775 0.292517 0.771358 # Feature 9
84 #numLeaves
0 1 1
1 2 2
3 1 2
4 1 1
5 3 0
6 1 2
7 1 2
20 1 1
23 1 0
37 1 1
128 2 4
129 5 5
130 4 12
131 5 13
132 3 3
133 5 3
134 2 6
135 8 7
139 1 1
146 2 5
147 4 9
149 1 1
150 1 1
151 3 4
162 1 2
166 1 0
177 1 2
259 1 1
260 1 3
261 7 6
262 2 2
263 2 2
275 1 1
278 1 3
279 1 0
292 2 3
293 2 3
294 2 2
309 1 2
310 2 2
311 1 4
385 1 1
387 2 3
388 3 7
389 8 6
390 6 7
391 15 12
404 1 5
405 1 2
406 7 10
407 14 18
418 1 0
419 1 1
420 1 2
421 1 2
422 2 2
423 5 5
438 1 1
439 1 3
512 1 1
531 1 0
640 2 7
641 2 2
642 4 9
643 4 6
644 1 4
645 3 2
646 2 4
647 1 3
658 1 1
659 2 3
660 1 1
662 2 2
663 2 2
773 2 2
791 1 1
802 1 0
902 3 11
903 6 10
914 1 1
918 7 18
919 6 8
933 1 0
935 1 1
#Tree 1
0.526745 0.769914 0.400229 0.891529 # Feature 0
0.283315 0.352458 0.807725 0.919026 # Feature 1
0.069755 0.949327 0.525995 0.086056 # Feature 2
0.192214 0.663227 0.890233 0.348893 # Feature 3
0.064171 0.020023 0.457702 0.063096 # Feature 4
0.238280 0.970634 0.902208 0.850920 # Feature 5
0.266666 0.539760 0.375207 0.760249 # Feature 6
0.512535 0.667724 0.531606 0.039280 # Feature 7
0.437638 0.931835 0.930810 0.720952 # Feature 8
0.284293 0.738534 0.639979 0.354049 # Feature 9
90 #numLeaves
1 1 2
8 1 3
9 2 2
19 1 2
24 2 1
25 2 1
33 2 5
40 2 4
65 1 2
67 2 2
83 1 1
99 1 3
115 1 2
129 1 2
136 1 1
137 2 5
139 1 0
145 2 3
147 1 1
152 1 3
153 1 2
155 1 1
160 1 5
161 12 11
163 2 4
168 4 7
169 10 10
171 1 1
176 2 4
177 5 4
179 3 4
184 1 4
185 7 4
193 2 2
195 2 2
209 1 5
218 1 0
225 9 8
227 4 8
232 1 0
233 1 2
241 14 20
242 1 2
243 15 48
248 1 1
249 1 2
250 1 1
251 1 3
264 1 1
273 1 1
282 1 2
339 3 3
346 1 1
347 1 1
371 1 1
424 1 2
433 1 3
440 1 3
441 1 3
442 1 1
443 1 1
467 6 15
472 1 1
474 1 1
475 2 4
483 3 1
497 2 4
499 14 26
504 2 2
505 1 4
506 1 1
507 3 5
520 1 3
641 1 0
648 1 2
656 1 1
664 1 1
672 3 2
673 2 2
680 6 4
681 5 4
688 1 0
689 1 3
696 4 2
697 1 1
737 1 0
753 1 0
776 1 2
840 1 1
937 1 1
#Tree 2
0.687861 0.165974 0.440105 0.880075 # Feature 0
0.829201 0.330337 0.228968 0.893372 # Feature 1
0.350360 0.686670 0.956468 0.588640 # Feature 2
0.657304 0.858676 0.439560 0.923970 # Feature 3
0.398437 0.814767 0.684219 0.910972 # Feature 4
0.482491 0.215825 0.950252 0.920128 # Feature 5
0.147660 0.881062 0.641081 0.431953 # Feature 6
0.619596 0.281059 0.786002 0.307458 # Feature 7
0.447034 0.226107 0.187533 0.276235 # Feature 8
0.556444 0.416501 0.169607 0.906804 # Feature 9
43 #numLeaves
8 10 26
10 2 3
12 5 13
14 2 2
40 33 41
42 3 4
44 26 22
46 9 6
62 1 2
72 3 9
74 1 2
168 2 7
170 1 1
172 11 21
174 4 4
188 1 9
190 2 7
200 1 4
264 2 2
328 1 4
520 8 14
522 1 3
524 5 6
526 1 3
552 7 15
556 13 11
558 8 5
574 2 3
584 19 24
586 3 6
588 5 12
590 1 1
620 2 1
622 2 2
686 1 1
702 2 4
778 1 3
780 1 2
782 1 1
840 11 19
844 1 3
860 1 1
876 1 0
#Tree 3
0.103171 0.126075 0.495444 0.760475 # Feature 0
0.984752 0.935004 0.684445 0.383188 # Feature 1
0.749771 0.368664 0.294160 0.232262 # Feature 2
0.584489 0.244413 0.152390 0.732149 # Feature 3
0.125475 0.793470 0.164102 0.745071 # Feature 4
0.074530 0.950104 0.052529 0.521563 # Feature 5
0.176211 0.240062 0.797798 0.732654 # Feature 6
0.656564 0.967405 0.639458 0.759735 # Feature 7
0.093480 0.134902 0.520210 0.078232 # Feature 8
0.069906 0.204655 0.461420 0.819677 # Feature 9
53 #numLeaves
262 2 0
270 1 1
278 1 2
294 1 0
310 1 2
773 1 1
774 3 0
775 2 5
777 2 0
779 1 2
781 3 3
782 2 1
783 4 8
786 1 2
787 1 2
788 1 1
789 1 1
790 3 2
791 13 10
793 1 0
795 7 4
796 1 1
797 3 4
798 3 3
799 5 10
806 1 0
807 4 5
809 1 0
811 3 3
812 1 0
813 2 3
814 2 1
815 8 11
819 2 7
821 2 7
822 6 9
823 35 39
825 5 6
827 15 23
829 4 16
830 6 7
831 16 56
859 2 2
861 1 1
883 2 5
885 1 3
887 13 11
889 3 5
891 10 9
893 1 5
895 3 10
951 2 12
1015 2 2
#Tree 4
0.573319 0.755581 0.051939 0.157807 # Feature 0
0.999994 0.204329 0.889956 0.125468 # Feature 1
0.997799 0.054058 0.870540 0.072329 # Feature 2
0.004162 0.923069 0.593892 0.180372 # Feature 3
0.163132 0.391690 0.913027 0.819695 # Feature 4
0.359095 0.552485 0.579430 0.452576 # Feature 5
0.687387 0.099640 0.530808 0.757294 # Feature 6
0.304295 0.992228 0.576971 0.877614 # Feature 7
0.747809 0.628910 0.035421 0.747803 # Feature 8
0.833239 0.925377 0.873271 0.831038 # Feature 9
48 #numLeaves
75 1 1
76 10 14
77 7 13
78 3 4
84 1 1
88 1 3
92 29 35
93 27 32
94 3 3
95 1 1
108 1 2
124 1 7
125 3 13
204 2 8
205 2 5
207 1 1
208 1 1
216 1 1
220 8 13
221 5 5
223 1 0
236 2 2
237 1 4
252 3 4
253 2 3
332 4 11
333 3 4
335 1 1
340 1 2
341 1 0
345 1 0
348 10 15
349 11 11
350 1 0
364 1 2
381 1 1
457 1 2
460 11 18
461 3 6
464 1 2
465 1 0
469 2 4
472 7 5
473 1 2
476 23 29
477 13 15
508 1 2
509 1 3
#Tree 5
0.979434 0.743811 0.903366 0.983596 # Feature 0
0.666880 0.497259 0.163968 0.830012 # Feature 1
0.888949 0.076995 0.649707 0.248044 # Feature 2
0.629480 0.229137 0.700620 0.316867 # Feature 3
0.328777 0.231428 0.074161 0.633072 # Feature 4
0.223656 0.651132 0.510686 0.971466 # Feature 5
0.280042 0.546107 0.719269 0.113281 # Feature 6
0.471483 0.592540 0.944318 0.450918 # Feature 7
0.336351 0.847684 0.434513 0.003231 # Feature 8
0.344943 0.598481 0.833243 0.233892 # Feature 9
64 #numLeaves
64 3 3
66 3 1
67 1 1
68 3 2
96 3 4
98 1 1
100 1 1
112 2 1
116 2 0
128 2 4
130 5 4
131 3 2
144 1 1
160 2 3
176 6 3
192 24 27
193 2 2
194 13 17
195 5 5
196 6 11
197 1 3
198 1 2
199 1 5
202 1 1
203 2 2
208 3 4
209 3 0
210 1 1
212 1 2
219 1 2
224 13 25
225 1 1
226 1 3
240 19 10
241 1 1
244 1 1
245 1 2
288 1 0
576 1 3
578 1 1
580 1 1
594 1 0
608 2 2
624 1 4
629 1 0
640 1 8
642 5 13
651 2 3
672 2 4
688 1 2
704 13 15
705 3 1
706 10 22
707 1 5
708 2 1
709 1 0
710 1 2
715 1 2
720 3 8
721 1 2
722 1 6
731 1 7
736 8 15
752 11 23
#Tree 6
0.675476 0.482950 0.481936 0.304956 # Feature 0
0.712087 0.182556 0.621823 0.040864 # Feature 1
0.413984 0.695984 0.673936 0.637640 # Feature 2
0.347116 0.184622 0.609106 0.627158 # Feature 3
0.730729 0.328374 0.740438 0.202213 # Feature 4
0.920914 0.684757 0.653130 0.257265 # Feature 5
0.532441 0.087644 0.260497 0.877384 # Feature 6
0.686125 0.093740 0.111276 0.361601 # Feature 7
0.576690 0.593211 0.666557 0.288778 # Feature 8
0.775767 0.288379 0.329642 0.189751 # Feature 9
48 #numLeaves
64 1 2
68 6 7
76 3 5
80 8 12
82 7 5
84 21 20
85 3 4
86 9 6
88 7 11
90 1 3
92 10 25
93 3 5
94 1 5
112 1 1
114 1 1
118 1 1
192 4 12
196 8 19
198 1 1
200 3 4
204 3 13
208 17 23
210 15 9
212 9 21
213 1 2
214 12 7
216 5 6
220 17 19
222 1 0
240 1 3
242 2 2
246 1 1
592 4 3
593 1 2
594 1 1
596 3 7
597 3 5
598 3 5
600 1 2
604 1 5
605 4 6
606 1 4
626 1 1
628 1 5
722 5 5
726 3 6
727 1 0
754 1 1
#Tree 7
0.984363 0.003579 0.827391 0.331479 # Feature 0
0.188201 0.436497 0.958637 0.918930 # Feature 1
0.764871 0.699075 0.121143 0.685786 # Feature 2
0.383832 0.774274 0.943051 0.916273 # Feature 3
0.861917 0.203548 0.793657 0.548042 # Feature 4
0.297288 0.904932 0.909643 0.873979 # Feature 5
0.498144 0.576200 0.162757 0.273911 # Feature 6
0.864579 0.492399 0.463662 0.848942 # Feature 7
0.495977 0.291053 0.180421 0.684178 # Feature 8
0.727550 0.139058 0.603109 0.492422 # Feature 9
51 #numLeaves
0 2 1
5 2 8
21 4 4
33 1 2
35 2 1
37 5 7
39 2 2
49 1 2
51 1 2
53 3 5
55 2 2
113 1 1
133 11 10
135 9 5
149 1 1
151 1 1
165 6 3
167 5 2
181 1 0
183 2 0
512 3 1
513 4 6
517 3 12
528 1 1
529 3 6
532 1 2
533 2 6
544 1 1
545 23 34
547 5 10
549 13 22
551 15 16
560 1 2
561 21 39
563 6 7
565 7 12
567 3 3
592 1 1
593 4 5
609 1 1
624 1 0
625 11 23
644 1 1
645 2 8
647 1 8
661 1 3
677 5 9
679 12 22
689 1 2
694 1 0
881 1 13
#Tree 8
0.838134 0.724252 0.178208 0.221966 # Feature 0
0.498525 0.121259 0.138238 0.360443 # Feature 1
0.324807 0.931895 0.908485 0.622095 # Feature 2
0.836828 0.818128 0.496074 0.334972 # Feature 3
0.394327 0.658831 0.608883 0.258906 # Feature 4
0.151230 0.072545 0.107848 0.647207 # Feature 5
0.363598 0.288270 0.331386 0.091149 # Feature 6
0.427328 0.934495 0.583570 0.265461 # Feature 7
0.658747 0.761778 0.487427 0.157272 # Feature 8
0.883037 0.625665 0.517715 0.207844 # Feature 9
55 #numLeaves
113 1 4
132 4 6
196 2 2
212 2 3
245 1 5
272 2 5
336 2 5
337 5 10
340 1 2
341 7 5
373 1 1
388 10 15
400 10 17
404 21 20
420 5 4
421 1 0
436 3 7
452 4 10
464 2 6
465 1 1
468 7 22
469 7 15
484 1 3
485 2 5
500 1 5
501 3 2
593 1 6
613 1 3
629 3 4
709 1 3
741 1 2
743 1 7
757 2 2
837 3 4
839 1 1
849 15 15
851 3 4
853 15 12
855 8 8
869 6 5
871 1 2
883 1 1
885 6 3
887 4 3
964 1 0
965 4 6
967 1 1
976 1 0
977 1 2
981 11 10
983 2 4
997 10 7
1011 1 0
1013 5 3
1015 1 3
#Tree 9
0.557561 0.426199 0.829939 0.394388 # Feature 0
0.244327 0.326013 0.729360 0.638654 # Feature 1
0.984845 0.338243 0.897560 0.136075 # Feature 2
0.410788 0.005409 0.783282 0.774386 # Feature 3
0.293678 0.114668 0.865535 0.721006 # Feature 4
0.049162 0.449105 0.986467 0.707909 # Feature 5
0.210883 0.473894 0.865181 0.093920 # Feature 6
0.099559 0.382896 0.301763 0.657120 # Feature 7
0.809095 0.131702 0.051508 0.053422 # Feature 8
0.457716 0.780868 0.692076 0.442560 # Feature 9
86 #numLeaves
1 1 3
4 7 6
5 2 3
6 2 6
12 1 2
36 1 1
39 1 0
68 3 3
69 1 7
100 1 1
132 6 10
133 5 8
134 2 7
137 1 2
140 2 3
196 1 2
197 1 3
204 1 0
252 1 1
260 3 3
261 2 3
273 1 1
292 1 1
321 2 2
324 2 4
325 2 7
332 1 1
337 1 0
341 1 2
353 1 4
356 9 13
357 16 22
358 1 2
359 3 6
364 1 1
373 5 22
381 1 5
385 6 7
388 4 5
389 1 1
393 2 3
396 1 8
397 1 2
421 1 1
444 1 0
449 5 6
452 5 4
453 6 7
455 1 1
465 1 0
469 1 1
481 1 3
484 6 6
485 10 5
486 1 3
487 3 3
493 4 2
501 2 2
509 2 1
821 1 0
836 1 1
837 1 2
865 1 2
868 3 4
869 6 8
870 1 1
871 1 2
881 1 6
884 4 5
885 19 24
886 1 1
889 1 1
893 2 6
900 1 0
961 1 0
964 1 0
965 1 0
981 1 0
996 2 1
997 2 1
1000 1 0
1004 1 0
1005 1 2
1009 1 1
1012 1 0
1013 2 1
#Tree 10
0.119111 0.589637 0.578635 0.529899 # Feature 0
0.595045 0.361917 0.304285 0.888723 # Feature 1
0.476585 0.169820 0.609729 0.525747 # Feature 2
0.618925 0.596196 0.233656 0.829808 # Feature 3
0.070090 0.098837 0.923728 0.169649 # Feature 4
0.481733 0.225491 0.826769 0.290829 # Feature 5
0.357193 0.878278 0.344251 0.814909 # Feature 6
0.659146 0.036327 0.257469 0.778257 # Feature 7
0.625964 0.836104 0.308157 0.221009 # Feature 8
0.198021 0.612442 0.109733 0.674605 # Feature 9
63 #numLeaves
8 1 1
44 1 3
134 1 1
136 1 2
140 1 1
172 1 1
174 2 4
188 3 5
190 1 2
486 1 0
512 1 3
520 2 3
552 1 3
640 2 3
644 1 5
645 2 1
646 1 1
648 7 9
650 1 2
652 4 8
653 1 2
654 1 5
656 2 3
657 2 3
660 1 1
661 1 1
664 4 7
668 3 5
669 1 1
672 1 4
676 3 4
677 2 1
680 9 13
682 2 8
684 6 17
685 3 5
686 4 11
688 18 17
689 3 4
690 1 3
691 3 2
692 1 6
693 3 5
696 51 64
697 1 1
698 1 6
699 1 1
700 32 52
701 4 8
749 1 0
764 1 1
901 1 1
917 1 0
924 1 2
925 1 1
932 1 3
933 1 2
935 1 0
940 1 1
949 3 4
957 2 3
964 1 3
1012 1 1
#Tree 11
0.782262 0.719462 0.200352 0.401188 # Feature 0
0.315658 0.434009 0.230996 0.385748 # Feature 1
0.532846 0.154724 0.555398 0.014579 # Feature 2
0.380215 0.382167 0.305408 0.737408 # Feature 3
0.260445 0.649659 0.552316 0.919591 # Feature 4
0.685986 0.809785 0.697848 0.311950 # Feature 5
0.645889 0.006005 0.532960 0.843910 # Feature 6
0.618447 0.642693 0.518515 0.400709 # Feature 7
0.362154 0.718867 0.801897 0.677812 # Feature 8
0.152876 0.032893 0.063561 0.685722 # Feature 9
94 #numLeaves
2 4 4
3 2 1
6 1 1
7 1 0
8 2 2
10 8 11
11 10 12
12 1 1
13 1 2
14 1 2
15 3 4
18 1 4
19 1 1
22 1 3
23 1 2
30 1 5
31 1 2
34 4 3
35 1 0
39 1 2
42 1 5
43 1 6
44 1 4
45 1 1
47 2 2
51 1 0
61 1 3
63 1 4
72 1 3
73 2 7
74 1 2
75 2 5
89 1 7
93 1 2
104 4 3
105 13 11
106 2 3
107 12 10
108 1 0
109 2 2
121 3 2
123 1 1
125 1 1
138 1 3
139 2 1
202 1 1
233 1 2
235 2 1
266 1 1
512 1 0
514 1 1
517 1 0
518 1 2
519 1 0
520 2 4
521 1 2
522 1 0
524 4 7
525 3 5
528 2 2
529 1 2
532 1 1
533 1 5
534 1 2
536 5 8
537 4 9
539 1 2
540 1 5
541 17 38
542 1 3
547 1 0
556 3 6
557 3 2
562 1 2
564 1 2
569 1 1
572 1 4
573 10 8
585 1 2
589 1 2
600 1 1
601 2 2
604 1 3
605 2 2
616 4 4
617 4 5
620 1 1
621 3 2
632 2 0
633 5 3
636 1 0
637 5 4
745 1 1
761 1 1
#Tree 12
0.187616 0.618958 0.700301 0.567831 # Feature 0
0.001125 0.005709 0.305239 0.261570 # Feature 1
0.655368 0.857555 0.181161 0.341354 # Feature 2
0.667341 0.879009 0.653305 0.313230 # Feature 3
0.885014 0.186265 0.157139 0.503461 # Feature 4
0.828957 0.675654 0.904170 0.191112 # Feature 5
0.394521 0.706067 0.868924 0.547397 # Feature 6
0.738959 0.932485 0.233119 0.926576 # Feature 7
0.551443 0.933420 0.494407 0.552568 # Feature 8
0.939129 0.799646 0.814139 0.594497 # Feature 9
96 #numLeaves
257 1 0
265 1 1
273 1 1
275 1 0
289 1 3
293 1 0
305 2 6
307 1 4
309 1 2
311 1 3
339 1 1
355 1 2
357 2 0
369 2 1
370 1 1
371 1 2
373 1 2
375 1 2
464 1 0
466 1 0
470 1 1
480 1 0
481 2 1
482 1 1
483 1 1
484 1 0
485 1 0
486 1 0
487 1 3
497 1 2
498 1 1
499 5 8
500 1 1
501 1 1
503 4 15
545 2 4
547 1 3
551 1 1
553 1 0
561 1 3
565 1 2
769 4 5
770 1 0
771 4 7
777 3 2
778 1 3
779 17 13
784 1 0
785 2 4
787 4 2
793 2 2
795 3 1
801 12 13
803 11 17
805 3 2
807 1 1
809 3 3
811 9 14
817 4 7
819 2 5
821 1 1
823 1 0
833 1 2
835 4 5
843 6 16
849 2 2
851 3 5
855 1 2
859 4 7
865 1 3
866 1 1
867 7 17
869 1 1
870 1 0
871 2 6
875 1 6
881 2 2
883 7 8
884 1 0
887 2 1
971 2 4
975 1 3
978 1 0
979 2 7
981 1 1
987 3 14
991 1 7
994 1 1
995 3 10
997 1 1
999 3 9
1008 1 0
1010 1 1
1011 5 12
1013 1 0
1015 1 2
